366
104
417
127
496
933
312
37
341
965
774
424
931
17
581
47
535
534
858
601
971
168
554
830
564
41
993
909
235
291
442
23
675
163
418
861
735
296
336
207
12
15
51
985
640
695
710
267
367
318
392
91
979
177
320
340
380
787
678
686
725
439
161
350
842
812
100
667
752
555
29
458
126
7
435
376
236
720
910
506
852
50
182
524
287
339
178
138
280
112
459
449
222
647
118
981
402
727
896
200
924
132
117
400
959
166
984
661
827
208
761
982
668
666
662
176
56
706
553
84
276
73
64
63
494
719
210
682
829
386
263
817
299
434
149
964
530
804
914
430
831
499
629
363
25
167
35
490
501
281
935
973
457
841
820
358
652
970
593
592
407
96
342
563
658
821
373
283
561
294
672
180
577
633
384
77
753
516
398
90
250
383
915
925
308
162
848
2
783
670
699
170
574
202
510
479
22
828
779
323
621
806
173
370
85
348
169
213
688
544
293
903
956
477
140
884
968
928
569
460
39
907
220
832
958
891
789
13
369
361
977
28
455
142
873
954
212
632
606
611
631
266
729
600
324
24
364
146
893
733
711
777
757
594
889
452
107
69
916
919
591
784
197
539
153
641
55
123
624
771
839
30
443
481
657
469
847
290
444
237
498
674
260
232
868
943
911
851
570
242
796
586
78
316
944
980
204
186
57
726
258
390
34
106
813
625
97
967
409
894
230
278
653
228
121
440
32
42
843
489
942
614
33
528
295
886
14
890
288
492
547
545
856
589
18
135
838
314
557
732
362
892
815
271
607
523
908
887
549
359
389
105
354
895
664
998
850
395
195
349
285
898
1000
976
703
663
385
767
765
949
808
991
504
480
692
644
270
476
346
694
93
818
803
645
780
845
721
252
473
809
282
11
175
192
792
437
408
522
468
673
773
179
615
746
598
781
748
527
277
671
171
422
338
823
870
53
824
247
124
58
562
313
876
536
136
378
71
519
419
423
802
131
960
864
584
326
303
582
963
345
795
377
240
556
446
921
244
707
899
467
286
344
194
464
654
193
253
110
840
141
201
793
229
951
454
48
133
953
754
156
81
566
923
879
649
676
62
608
355
869
990
351
988
691
60
744
680
937
532
243
531
189
352
920
219
548
425
718
995
157
410
113
461
623
59
560
705
431
620
365
284
269
643
651
986
509
768
799
420
778
429
328
511
741
862
311
433
573
374
543
416
475
520
853
975
309
160
319
241
368
214
139
702
245
507
94
602
322
537
109
559
206
878
613
897
917
800
125
568
782
500
347
546
930
119
404
36
529
819
874
9
257
715
185
421
456
451
103
655
261
565
683
541
275
940
999
745
904
80
722
254
49
129
223
875
698
399
983
552
938
474
785
334
872
130
372
905
470
665
728
571
432
755
301
249
972
798
159
918
814
88
946
738
465
79
508
619
357
199
860
68
776
616
375
749
730
760
427
590
190
86
685
227
46
763
292
172
766
108
332
932
550
411
92
737
811
635
488
881
628
415
751
697
89
540
807
515
617
770
310
401
701
215
947
791
687
575
587
660
491
485
790
950
772
450
264
205
684
939
677
381
453
31
626
262
122
128
221
669
877
846
974
300
154
762
597
927
67
709
622
38
826
114
268
21
231
353
158
325
379
183
321
20
637
472
605
952
837
714
137
580
639
596
102
493
713
394
6
203
794
198
941
393
196
387
912
145
579
3
211
756
724
805
835
866
865
512
343
957
603
558
134
551
857
997
486
256
750
76
330
8
54
854
700
595
327
572
696
922
495
497
246
463
517
926
150
466
855
143
356
98
716
723
151
758
863
681
61
388
822
265
238
734
759
966
934
436
913
871
816
636
648
731
630
962
152
994
382
441
882
148
604
87
646
638
45
225
274
298
272
99
273
642
810
448
880
786
742
462
52
955
335
769
996
478
331
360
44
255
867
1
305
906
775
438
279
428
218
747
83
147
217
315
101
16
533
526
413
165
111
174
849
75
445
471
209
844
503
82
19
482
306
948
801
239
989
599
43
115
72
588
216
788
542
371
627
888
704
184
576
95
513
618
333
656
396
259
317
945
302
514
583
708
690
740
502
406
764
883
414
585
797
4
5
234
65
40
538
634
289
836
689
188
329
650
26
693
74
736
426
521
233
191
609
297
307
164
337
659
116
405
525
739
397
447
66
833
969
484
992
248
155
717
187
859
825
902
987
679
70
743
27
712
936
120
483
391
181
567
403
612
412
224
578
834
961
304
929
251
487
518
610
10
885
978
505
144
901
900
226