6578
9984
594
3581
919
1480
8579
5966
7624
5241
1007
8978
6204
2256
7003
9936
7138
1022
4756
1041
5758
89
2008
1774
1592
2046
1229
6223
1871
9846
5024
5557
9502
3831
3345
3784
5196
3329
7159
8125
6132
2120
4036
596
5353
8612
9305
160
836
1694
8853
6795
1400
9599
5990
1253
6153
799
1934
714
5503
5152
3832
4457
1859
2323
2221
6225
1476
2860
7316
4461
2736
1051
9536
8111
7901
6500
7599
6404
3897
2216
7386
6992
1291
3954
8639
2145
7228
6939
7808
3253
6753
4291
7893
719
8580
7008
9443
2644
1999
6014
7775
6718
3221
6866
6967
3425
9214
3975
978
3721
7866
6638
4464
5238
3630
963
1770
1383
5838
1699
2699
3023
2548
4329
171
3047
3211
460
789
7621
9640
7661
5222
9699
4513
8655
5104
8195
4918
2881
7941
3350
2907
7019
1277
310
575
5010
3289
9295
9831
2157
5305
8246
8181
139
9780
6352
2450
7400
5272
3699
2638
5890
6247
5119
8929
1890
1993
9035
9682
3467
5154
1703
1397
8980
530
3782
7121
6530
8521
5821
164
318
1608
3853
2889
8587
216
6946
6868
8422
8026
6887
3440
5926
8165
4692
8567
7717
9376
1045
7628
6503
382
4185
2550
3569
6507
9522
864
1612
5523
5162
584
2241
8793
9817
1190
7571
2208
3135
2708
1340
6019
3337
299
5413
240
2970
7354
8290
8476
5968
2143
3564
1817
4570
9721
5944
6614
4310
4761
81
7034
3438
3916
5930
4177
2620
6134
3547
3432
9062
7191
5231
4787
3903
6828
7785
4131
4628
7401
455
5505
6251
5195
4952
4796
5663
1902
9726
6830
8083
1583
7906
8776
9474
8056
5216
1228
9947
3010
114
4260
2598
9879
5938
5390
4531
5324
5575
5861
1188
3673
490
5329
3955
9718
5306
4766
3962
6710
674
845
3780
2659
5818
3255
5122
1378
2625
9064
6430
1271
3736
4559
8335
4288
6508
3639
6801
2218
3195
6075
8897
2826
8883
2048
8900
1044
3061
2741
1206
1020
7171
1207
415
7315
4014
346
1321
6438
2858
8239
3544
496
4539
4276
321
7036
1513
1152
554
7142
9428
4398
4648
6330
559
6125
6526
508
6925
8898
555
7046
3009
5234
8622
2694
6514
5689
6484
1756
6359
7647
9689
3191
7778
4378
5126
8985
922
7913
4698
2900
1575
5997
7094
2342
2618
6869
9878
8523
2845
4746
3083
5677
8944
8645
2071
6536
2673
8423
7397
6299
462
1431
8066
7802
4246
2947
7077
91
2187
5296
7869
5801
7471
5962
3683
8136
2400
3871
5280
908
6083
3513
3805
4876
6433
2849
2597
9693
2803
36
3583
4685
5233
7439
7133
828
8277
9006
3070
2795
8582
660
9807
4843
341
5844
3218
3439
5809
2013
7609
3012
1798
1591
3395
5448
7587
4332
4492
7389
4041
787
9325
726
2462
8182
4008
3396
5851
167
1373
3948
5534
8171
1788
5731
3040
3236
4914
4996
9824
2337
9394
6886
8789
4557
9829
3016
4383
1500
4493
9034
3402
4696
5438
8835
3003
3229
5212
7128
218
9221
6927
6174
3278
2968
9697
940
937
3453
2421
9397
4233
9790
2827
57
1100
5849
5839
8074
6684
7335
1364
754
3214
7074
5701
8471
8410
4718
5814
3199
5253
7517
6965
8972
8626
26
9227
5978
2082
6722
4212
5183
5251
3766
6398
3597
9617
9342
1326
1012
8509
231
2312
9986
2122
6620
1910
8379
5862
877
5053
3872
352
3845
8526
989
874
9066
5118
1596
2561
5570
9774
390
5820
7565
3066
2631
9476
5050
6716
2477
5924
4340
8144
3986
1181
4417
3691
2178
4199
287
7870
1812
4426
9402
9485
5937
7196
8288
6938
7816
4438
9530
974
5111
5381
4625
6839
6108
8571
9198
9998
9633
7063
6243
6593
7933
170
6035
2641
8457
3036
5572
7279
3685
3359
2825
4061
3719
7617
2373
1522
678
1622
6378
9891
6206
2409
4844
1671
5170
6787
8175
9105
5517
1606
3906
6786
7569
8849
7672
865
4087
9017
1961
730
3804
7247
1240
849
9009
1112
1568
3133
9852
5796
4510
6234
7047
8839
6199
2347
4202
2492
9229
6611
9732
2831
4771
9641
4904
820
4751
582
2526
9779
9468
5005
6999
8924
7610
5657
2637
8091
7085
228
734
8738
7219
5563
4506
3334
4824
6417
4932
38
6882
1435
4028
4536
8326
3642
1127
7741
2281
2866
6439
9672
7655
9267
2047
7248
5258
1021
5934
8551
7572
8557
7260
4312
3978
883
8708
3179
3478
7051
1814
1534
4575
6274
6642
8176
1985
620
8092
1807
2979
9545
1225
1453
9805
9679
9089
6069
450
6103
8414
2674
4393
7743
6208
2190
2985
5744
4176
9355
6224
146
8080
8138
5777
3540
2784
2819
7291
6448
1631
5085
1927
5187
4076
1952
5956
2643
3348
6022
2965
6276
6178
329
7553
9720
9900
9018
4402
3497
8552
5128
7804
6537
4050
7556
8352
4125
8955
176
2584
2136
9664
1860
9925
2888
4241
9315
4694
4826
1248
225
7971
7890
9201
6492
5513
781
3251
2775
9552
1720
2824
4602
5123
5827
9731
6674
4218
1137
2296
7005
581
537
5980
9404
3351
7744
3627
8973
320
5682
3319
8525
5428
8248
1173
4354
5465
131
6692
9291
7815
2798
8017
9596
6467
6279
1232
9208
1261
3452
4750
1019
2996
5994
5075
6563
9802
5808
1410
6239
1260
4743
4250
7122
3855
4261
3984
6298
8862
9391
1503
2875
8990
9729
5518
8196
7348
6899
6450
6933
2468
3087
2928
7848
5279
8293
4285
572
6308
8373
8809
1133
5044
5382
2045
5200
5631
7193
5927
3212
1986
2926
6403
6201
2475
5848
5693
7390
2020
6930
5662
8278
2280
8306
770
6296
9972
4045
4901
4502
5564
6341
467
6873
7479
9425
2223
3297
5846
2308
7977
6850
6047
5725
3466
6644
7029
9612
5348
6478
1347
3006
3870
8841
8813
1944
6889
6548
1708
9285
2278
9351
6512
6048
5565
6509
5617
5232
1048
4466
8514
2415
1866
3107
3728
1808
2346
4387
4617
2697
8299
8535
3827
3843
7885
6773
9562
5315
9187
9868
8075
7841
6995
3201
6383
1209
2068
3049
1557
5214
7566
3227
1574
2995
720
9648
2611
2642
768
3484
7831
4098
5156
10
1857
9442
699
6618
9695
7972
9063
5180
4090
369
8106
7086
8227
1096
5060
4166
8724
3130
2496
8637
4706
2788
2324
6808
8749
3935
7734
4454
4306
4400
5608
2432
7707
3161
347
6628
4729
158
9338
8269
9663
9538
2698
8682
3376
6142
7467
8982
187
3302
7738
6339
1762
737
8049
2098
1395
2952
2993
996
4848
6120
7733
9666
1341
7146
2950
3821
2333
8627
512
9627
4143
3970
8139
629
4922
3333
1838
5612
2680
3833
4790
4471
2713
366
8363
2231
3652
40
9563
7709
7537
1273
7859
5036
9022
9249
1371
2018
5506
5831
3886
9364
2972
8747
7115
7441
6241
4634
4748
9273
5526
9419
4686
3571
3929
2515
2997
5598
7819
1154
5988
5302
3856
9937
1200
565
1794
1263
6540
1284
2494
2534
5493
4283
5628
7534
5874
2021
5552
3045
8377
483
9766
4734
3336
1531
1917
2884
4249
8537
4962
7278
6728
6895
1795
5042
244
2038
6888
1458
1563
4981
5012
5559
6529
4938
8901
6456
4651
1651
8216
3890
6532
2634
5474
3777
6246
9559
2560
2508
2520
5811
9365
9445
2114
8002
7012
7139
6542
1313
3393
285
3162
1626
3101
7363
2243
9753
5542
5364
7960
2000
1307
3307
1536
1226
1216
4341
4741
1864
1760
8148
3291
9447
1595
614
4363
6220
4835
9842
8063
2306
5101
1386
3592
1941
7771
8585
5326
9993
210
3317
283
5380
1399
1403
4197
1614
5095
7837
4963
6608
330
2466
1656
8186
5666
6582
2232
3985
5349
8094
7070
1621
8179
9523
766
4265
7152
9675
88
6810
7762
9996
1368
4644
4885
1560
6908
9446
3215
7575
2503
5322
9851
2559
7970
2252
3883
1658
1869
5105
2868
2155
1759
9047
9003
9898
2393
8419
3594
4797
136
1913
1208
6183
3771
6212
8620
3318
451
4563
663
1144
3065
9722
6666
5178
6675
8013
4512
4381
552
4566
6544
7950
2790
9967
9463
8123
4460
5541
2142
50
2738
178
6983
8081
815
9369
8130
9024
1125
4073
8997
4578
3491
8341
2345
8465
2348
1721
3662
3266
230
9008
8470
1821
7732
3531
4953
3834
3168
923
44
9700
6466
4971
6707
4467
5971
1183
7131
3772
2049
1381
9673
1914
1727
9550
3058
5959
5261
885
9926
1111
4521
7421
5056
9656
1297
8658
9232
2274
9976
2318
2715
7384
1222
715
6723
5591
5323
6336
9398
4776
2755
8105
6758
6381
8730
32
9121
8569
3088
5745
619
3091
8318
2194
433
4447
5783
9553
4676
6435
1033
7510
3459
8963
4494
6176
8475
9495
5331
4100
2718
2303
9462
8257
3399
4115
9548
1062
9193
1440
3380
86
7886
5138
8462
1576
9616
9382
4445
5135
1520
6504
6591
2809
2675
2498
477
4639
947
27
6109
4643
1169
8876
1730
4522
48
2719
3783
2794
5271
3196
4119
9813
6894
1876
3928
3892
8796
1335
6715
3190
933
2210
8831
7506
6104
3250
1088
4129
6615
157
5089
4866
1180
8773
6672
9057
2395
8131
4056
7634
1851
853
1101
5243
6305
4200
7615
2376
3126
7325
2391
1991
6523
843
3882
2750
2940
9329
9177
6004
4930
748
2885
7756
9886
9469
8609
8035
8725
3342
6407
1953
7089
5509
6581
9219
4778
8592
9605
3973
7075
259
5108
1036
740
1280
9010
5556
2973
8688
7209
5647
1083
4214
9083
1318
2463
9467
3480
6267
2369
709
7710
3705
6837
1055
9743
3486
1382
6001
1831
2419
4266
3142
3388
2677
9701
7873
340
2117
8381
4591
6714
2647
3163
3573
5217
1922
6747
5453
2297
6892
7237
4172
3528
5276
4989
7983
2214
8206
8151
7073
5333
639
1635
3735
4156
5729
7930
3623
6288
9765
9368
2220
8940
4889
1692
4802
5770
5495
3555
9337
6929
9980
8589
7550
7757
8401
7448
3104
3000
9
5500
3945
3677
2286
5456
5093
3256
7936
7339
4622
9110
8287
2266
8755
5321
2411
4047
6948
1903
8696
9095
626
9352
2664
256
7758
5876
278
5068
8128
4567
3993
8565
8444
6855
4088
5092
5480
4324
8921
3358
37
257
7281
2015
3530
2599
7798
7926
2522
9602
3829
7381
1819
8447
1874
4338
1830
6617
2902
4652
6172
9674
5314
2023
9367
3846
866
9797
6580
5370
9625
708
8331
7518
5514
9420
5979
3043
7702
2368
9912
2259
16
964
1542
6589
1515
8750
1945
1032
8965
9569
6310
3096
8596
9262
5887
6192
4862
8784
7373
8591
2134
7461
5945
8370
9981
5996
9946
4723
6985
1461
6170
4560
1052
2823
3511
8788
7160
7858
5605
4520
8190
5958
9575
6970
8327
1873
7064
4810
6431
4353
7283
7042
8606
8599
9399
7529
889
2924
928
4763
6495
746
8061
7481
801
3894
2949
6673
3131
5800
6214
4120
9882
9761
3702
9744
6587
569
2051
1491
123
3312
8780
4389
3859
1587
1666
4897
262
6571
315
1822
8804
685
5033
3430
7872
9626
8534
1167
6660
1363
1358
6128
4758
675
8501
7665
4869
979
4878
2666
9890
3244
8618
5947
8109
2956
6397
2096
1302
9194
637
4405
1929
7891
8347
1367
8431
9113
9134
8289
2283
4998
810
7947
7119
9372
3457
8550
9738
9974
8296
4851
8742
1464
8763
8595
6486
9210
242
7249
936
3990
4581
8103
5466
9309
6522
9243
5512
8734
2859
3596
4484
1507
6998
511
8445
2612
307
4361
1000
6190
236
2196
3145
2305
794
9465
9361
1285
650
7939
3401
1047
7078
3122
9378
7965
8932
2669
1628
1646
835
7084
2574
9226
4527
4549
2350
5427
4552
4106
5573
5081
6311
9312
2147
3110
925
510
4732
5960
3132
7769
6173
7690
8933
3357
4033
506
5864
7532
5989
69
6979
2511
8594
684
1508
592
1264
2438
7183
2188
6824
403
5593
2382
9379
4057
8439
8076
4124
21
7956
6635
396
2331
3489
1099
489
7504
6875
9301
8207
3496
202
4753
5376
2330
2100
4800
8490
6414
5083
7703
7413
1779
6717
3240
2217
3885
7606
3754
6067
1161
2880
8224
9102
8879
7759
6901
326
9573
9111
253
9608
591
5058
8240
5340
6368
1241
2944
121
2374
3447
3598
9835
1110
6476
6340
2404
7404
2293
5750
4290
1519
5842
4558
8732
9690
4829
9112
9793
4959
7106
2783
2237
4785
5388
2448
9172
9756
9126
8885
9452
9876
7176
338
209
3762
9259
8877
2103
8701
9565
7663
7779
6678
4091
3261
6202
5414
6590
1149
1655
6052
8238
4629
384
8249
4942
7853
623
6424
9245
8411
1719
7905
7426
5401
8212
2660
3323
1231
779
2484
6203
6184
3714
111
5209
5489
2606
777
1506
1262
4657
4853
116
9929
962
223
163
397
6854
8086
155
8147
8396
8425
2991
2328
644
5385
5660
8812
1994
9119
6362
2918
7697
3665
972
2238
9423
8687
8954
3920
2234
8008
7651
1840
7608
3741
563
1445
5437
7915
5337
6413
3888
3185
7356
1886
6749
3137
7999
5204
6783
7694
9711
2014
5192
1068
2150
212
3979
7338
944
5964
2460
9331
4282
4754
434
8016
9090
4190
6942
5458
3510
3085
2205
1697
4683
2514
1201
9478
3504
2883
71
8971
9745
6237
808
4022
6518
3027
6990
99
2081
3793
2600
764
2510
448
4673
28
295
8484
3634
7361
1773
5386
9490
4019
4752
6275
9421
2366
8256
2874
4926
6639
6534
3062
5527
2685
5226
7817
179
9011
6977
1540
6158
6144
4890
522
3239
4403
588
8054
9584
1475
6314
183
8668
8617
6474
7877
5830
949
8121
6949
5185
4095
4631
7430
7000
3621
9400
2934
1882
6697
5129
5449
3202
2481
6463
1066
5256
1966
9785
956
6095
3053
7855
2255
2923
8795
6031
6878
5197
6063
892
6106
1275
7405
345
7239
8692
2575
6499
2822
9380
3257
5477
5819
9286
2941
5516
4804
8319
5244
409
973
7598
7957
7118
806
17
9513
863
3210
5309
7964
4269
5444
2894
8354
878
7604
4410
531
9783
9992
9635
7646
8672
4779
8684
3995
5048
9901
9920
4507
3217
681
1514
5857
3545
7428
3449
9176
5483
133
148
4543
9660
4986
7642
9816
1841
5496
7679
1675
6420
1457
2876
4358
6745
7272
3529
3921
6936
3817
1266
900
4719
1746
2270
8956
6588
3765
8020
6152
6149
7907
5684
1141
3176
4497
986
9339
2807
8118
9708
1375
2380
8914
5785
9939
2658
5957
5055
2978
6226
1919
7620
1308
1473
7136
402
9647
7861
9638
3803
6363
3282
8365
7854
8307
439
6165
4219
8055
7182
9321
9004
4335
9610
728
6300
350
9592
8448
8432
1483
7611
5431
9106
2095
9407
7184
6754
2906
5551
6625
2417
8254
9907
6594
3947
6319
4811
4128
3998
31
7217
4699
4439
8934
4838
4161
8575
4709
4025
9209
4178
6726
1512
2263
4528
3908
710
9076
2180
9037
1309
4470
1230
3593
6350
1714
4325
9251
6073
7667
3482
7166
8174
5402
2327
2781
1654
1050
1992
1168
7387
2540
5837
7167
1159
1825
9499
5969
8449
7739
4222
4606
5528
7533
243
4217
4586
7253
9758
3710
9566
5586
3926
9719
1752
8917
8300
7613
8404
745
7573
1960
1954
4
1087
8638
8052
890
1061
2549
6114
4775
7579
247
3413
199
3505
1551
2854
2112
4346
5285
6337
1015
3946
1322
419
8810
2321
6253
8229
2043
4157
5546
1160
4160
3635
3233
5691
6750
8646
6219
2355
3641
3941
1504
1120
604
7681
7989
6559
5629
9511
1684
4059
4231
3068
9498
5589
3959
4609
6574
174
85
2628
8247
5443
5877
7308
9950
4511
162
9799
3687
6533
1330
1848
9611
7437
9237
8263
2762
9386
6071
2767
4205
6776
4408
6046
8384
7498
428
8663
2726
7312
3264
649
7156
893
9927
147
564
4823
5752
2757
2817
991
2877
751
125
4951
5909
3535
7417
9127
4795
1238
4957
9387
5992
833
1761
997
951
5721
4193
8976
8726
4902
7942
4083
7867
1184
4446
8865
3858
3225
5069
3013
1677
9408
6510
921
2589
547
1164
8894
6100
8698
636
8312
46
850
9951
2493
8983
7492
8988
6309
9942
3734
7973
6118
5922
4799
3910
3073
5412
1450
7700
692
8500
2621
6009
4075
8024
105
2652
6805
5626
3442
8353
5673
7190
7844
3416
6030
2624
9074
2491
3472
2590
2730
8543
5260
5883
5619
1142
5931
1566
3508
7477
7488
1893
9527
7440
7903
1023
6806
1754
1799
8634
2737
5609
6821
169
8941
1573
8215
2814
7879
2027
8959
7860
8949
2469
9706
7774
3098
6968
2473
300
6573
7748
7200
8502
4681
7163
3932
5373
6918
9370
6761
2302
5907
6856
2910
8059
2464
464
6218
5616
4477
7465
374
6361
6085
6736
7961
5836
8920
1097
5970
3717
3830
9636
7266
9885
4437
3275
5893
2141
264
8232
7419
7863
3254
9741
6843
457
5145
8438
5737
9461
2925
1648
3421
1670
1766
9290
3577
9997
4317
9157
7908
2207
8786
560
6157
4411
2500
5097
7226
5803
7199
1063
4710
1623
8007
1247
2735
2426
5904
3078
1615
6394
6123
2596
3159
9148
7828
3684
8025
9418
4170
7067
1920
6442
9736
215
4072
472
4736
1502
5313
2838
8323
5184
2001
2089
342
4612
4102
4194
1980
7701
1786
909
7772
491
5163
9825
339
1075
2830
9742
9567
2772
1661
1718
323
7189
6597
7025
3937
4854
932
1597
5981
1962
49
4946
2397
1082
9492
7173
4207
8088
4320
8262
9374
293
9801
773
5082
3776
3523
3352
8258
5289
1643
8967
8680
9082
3281
2936
6879
1310
8807
9654
6286
4793
7468
8964
5034
4092
4808
9403
5292
9405
9130
9601
3586
4140
9798
4377
2154
7330
2869
666
3392
2676
3983
3097
2963
5031
2695
8527
3812
5400
4295
7644
4321
8043
5278
8844
7938
1146
8823
8167
4828
8050
7403
4870
5148
9470
2766
376
6058
2313
814
2332
606
4289
8729
7509
2389
1590
3763
5871
6060
7622
8519
8927
6023
9414
7735
772
7469
2686
2010
404
6733
3360
603
7370
4977
7002
2595
1405
2662
1035
527
9806
6252
5142
9393
9279
5854
1683
5974
3174
9677
405
5865
3559
8691
7811
736
7206
7053
4618
3431
5030
1885
5332
935
7235
6193
7698
2983
3682
534
3004
1175
4158
1419
2759
2
3737
5415
3206
1374
2966
3385
7137
6657
7055
4912
9457
3806
8507
6497
8818
8286
8864
9284
4277
5791
6661
6809
5435
1482
7276
5408
3448
7924
5284
1267
1073
1562
6784
2247
2955
2802
9306
2017
6329
2215
5117
6568
870
2185
5491
120
4941
4842
6841
7993
3526
6689
6984
7521
5983
1789
7528
8116
5411
5746
9318
5488
6013
1370
1429
613
2537
6652
6133
9713
9714
5766
6831
497
8261
8012
9162
526
8843
4237
4747
8930
1541
3044
8146
8979
9033
9265
6743
4264
939
9723
380
5202
9215
5623
6473
2497
2682
1113
6167
2195
8155
6562
7654
8113
4956
9658
4272
9041
2915
305
1870
4130
6622
5074
5685
9595
3666
9515
4391
9272
2166
5889
8851
7874
7211
1553
1009
6832
3458
9327
8360
9459
8084
4040
3409
9115
8512
4626
3226
6409
5787
1783
3394
8375
7442
4583
3988
9324
7017
8916
4319
7592
6485
8497
6269
2065
4770
5687
6782
1843
2901
899
7830
6964
7172
2235
9333
6175
5828
7268
7594
5041
5461
3117
375
423
416
9002
1501
5912
3648
8073
1657
79
3706
4830
7101
4395
2586
9067
8899
4605
2162
8308
7639
4006
9809
5294
5730
8628
8223
2616
2202
5218
9266
4807
6739
9206
485
6121
235
7911
1187
5676
5460
7194
2352
4196
9508
3537
7080
2554
5064
224
2865
3029
8172
9280
551
6667
1564
8912
7792
7020
8558
2429
4407
2099
3059
1236
9634
4760
4020
64
6187
4433
750
7366
1641
5637
7031
6762
8046
6912
9754
2696
6141
3957
4171
6057
2684
4362
2585
6245
9466
5384
550
4499
8854
9087
2832
7944
9709
4569
3822
1797
9213
2370
4287
2359
3270
6024
3658
1561
840
2064
6641
8205
3798
3560
7899
2149
8114
221
7975
9668
6872
2551
9411
7918
227
6564
7295
4713
9579
8403
3869
4343
5429
7730
4654
106
9696
9241
1303
5595
6645
1493
3164
5023
351
1449
847
3160
6481
6326
3371
4886
1416
7838
5824
5588
9540
1217
9349
1067
7876
4078
7035
3730
7987
5903
3267
7666
6853
280
5000
993
4584
521
4841
1390
9093
9313
7174
4733
2566
8520
1705
1652
981
9257
8838
5584
5986
6462
454
9030
1283
5434
3136
9854
6937
4010
4375
2446
5674
558
4991
7478
645
2444
5263
950
6217
5984
5425
1820
3575
4311
5906
4929
9712
1147
5417
7671
8276
8389
3570
3826
7731
8660
2413
1488
7552
825
4356
2609
796
5583
233
9834
9139
5511
2556
9694
3420
7584
9823
9867
6159
3788
8643
7311
7649
6576
7273
2472
7557
1846
5610
3745
8665
4611
5749
3769
2029
8005
7290
9283
5228
8748
884
542
6479
8192
7280
9775
8918
5728
5235
2353
9433
7495
4052
9875
3838
1970
5884
6064
8727
9893
6081
7135
782
7751
2113
407
2835
429
9247
7883
8975
891
5266
4782
2912
4565
556
8702
8313
3030
8797
3850
9604
9887
3114
1094
4096
473
2315
905
7637
7186
9328
4221
6601
9437
593
7095
4274
6263
1056
2916
5648
8736
2442
7887
1696
4509
499
9857
9841
4336
1095
4372
3629
9715
9479
7614
8033
7583
2478
3761
6621
6065
7212
533
5806
924
1071
7976
8811
3953
5131
668
5699
3747
3288
8694
6322
6517
4514
8803
848
2524
1413
6411
8610
1638
3381
9930
3755
4226
5169
432
670
6513
1747
6303
6428
3037
479
1357
7127
6196
8697
6379
413
3060
8625
5833
5481
156
8709
9528
4949
386
9168
7895
4293
5273
2168
9623
4397
8487
9120
1420
8027
5815
7111
8078
7902
6489
9874
1130
6355
4370
2239
6457
9179
379
6665
9246
2224
2932
760
301
6079
7686
5072
995
7904
6179
5535
5003
6272
8530
9591
2388
5421
4801
8488
3141
3386
2519
6041
6113
9621
5433
47
2615
2457
1881
3379
8794
9477
6154
605
6721
2428
5334
6634
6166
3588
8003
1129
7543
2146
3481
8427
5110
1027
6712
4596
3836
8531
4126
716
4935
774
8630
5147
7662
1250
1891
6664
9383
3956
4235
4656
1942
2055
3756
2870
2245
9244
5116
5521
5080
7794
1963
6348
7962
8090
8504
6131
2170
7284
9460
2791
3847
7994
2563
5269
6584
8415
4244
3325
5416
5863
3813
3103
7332
5121
1360
9019
3090
5221
1767
7749
8683
4921
9137
9905
917
9118
8433
3248
5644
3646
2121
1218
9107
8906
4820
4773
7948
4915
1729
7595
361
6255
5702
7082
6960
7706
9429
2288
9757
5316
3925
4074
3615
3645
7605
2287
795
1220
9913
6092
8936
4299
8765
1249
1380
5391
2072
4068
3647
4487
6993
7714
5615
6229
5625
6000
7360
3997
2921
8907
871
5852
78
7027
9520
7043
9938
4879
7265
785
8753
5767
6972
1968
9651
1497
7929
3591
579
1391
5368
9363
3349
4475
8096
8981
194
5210
9109
634
5882
2334
2645
8948
4650
3074
9191
4891
7888
9624
3152
7069
1084
3506
226
9348
6651
6991
1025
1437
4592
2455
2151
5409
4279
3140
1077
3102
6334
9962
4974
1106
6026
690
4714
3751
5310
7364
5756
6565
1712
204
2557
5795
8358
9392
2314
4079
322
5936
9451
5873
9065
9336
3427
3241
7577
2887
9957
8339
3797
5741
901
8045
8737
4965
1496
8348
1900
8870
6790
5635
7548
8896
8041
4026
4859
2079
9788
2040
851
6935
9859
5501
3709
7643
6897
2326
4382
3265
6088
389
7489
4423
3017
5975
931
3574
1728
8274
4303
7240
5900
1298
8678
7953
8464
8252
2206
1385
6231
6391
3585
8629
1172
9678
7453
4416
5160
837
6861
7236
8667
4786
9555
1832
9836
1751
8635
3075
9782
3515
2365
5620
1317
5845
7736
1331
7632
2115
8310
9088
7288
4554
5651
6803
6307
3907
7546
8356
1098
5561
2354
68
6436
5470
7475
437
1018
8644
5602
8993
6845
5361
1436
290
9902
5530
349
9506
7511
8255
3609
7271
7454
3462
8882
8281
5136
7352
6780
8568
6156
8931
6637
4503
6238
5798
1601
2721
7541
4396
9274
8219
8547
1640
585
6143
9031
9749
540
1936
3235
1026
246
3681
4768
6387
1923
8651
2338
115
5597
4909
1935
5369
4444
4985
9509
9856
6285
6928
4327
1511
6989
8715
611
6384
8533
9117
8928
5812
7123
761
4427
7827
8911
6976
6974
1119
5868
3557
3382
4939
6676
7179
4523
3770
5560
9884
1039
3949
3246
1803
7342
355
1185
918
3622
149
5277
181
6962
2343
3180
3670
4294
4328
739
3488
6836
5566
3306
4053
5678
3173
182
3799
70
6903
1693
2793
8889
5207
4911
5772
7806
98
2276
4524
7985
180
6008
9847
2753
4418
2036
5219
4526
6603
1668
1810
6186
2329
3661
3153
1256
4537
441
6627
5087
3048
6054
8180
9359
6767
566
8662
7986
7201
8064
6038
9103
4284
152
1054
934
6449
6862
3901
6369
9906
9588
8540
6056
3219
7640
5067
6068
3316
8970
9763
3019
8833
8624
2091
33
1024
4206
9264
6663
9434
83
7627
4468
3072
1802
6956
3035
671
5344
7740
5636
3242
846
2084
3116
6282
8717
3977
7408
5167
2257
2521
6823
8117
5558
662
857
3891
1879
2904
3839
1030
2706
8774
5432
4984
1312
576
8329
3680
5703
6332
7349
470
6742
7851
8382
3301
2467
2967
2591
5715
6216
7845
8134
3576
8183
1311
3567
595
2756
5467
1887
682
7586
8178
509
4441
9223
5049
8019
5171
3483
6730
8062
3944
9051
2074
7472
1726
2568
9680
7542
90
431
8887
6727
3207
7862
7937
3987
7865
4834
4069
9561
9705
5667
7683
1355
4421
7878
1352
5713
7164
722
2011
4896
9894
4973
2022
8350
9248
7204
5579
2371
3326
4342
3134
1471
778
4495
7726
8285
1875
2301
7813
3461
9281
676
5885
3404
8453
557
8909
3896
6852
791
8621
6909
8032
2390
7894
4668
9830
2930
8856
3272
7416
1680
3866
4500
2037
6626
5229
3778
3796
4049
7600
8480
4538
9282
1079
4142
3768
9839
2546
6242
4725
4613
7030
7843
5953
140
2016
6541
1644
8430
2841
8760
3471
641
9578
4333
9388
4465
1792
6049
7425
6732
2085
1877
1811
990
907
1659
1269
8886
6658
5784
4827
7807
6662
3189
5002
6944
3293
6051
2116
6766
6374
1443
7187
7493
4258
6859
8759
8830
4832
9480
6393
4322
6713
5532
9994
1679
1682
5130
2587
7022
4900
5439
3554
7580
5792
7004
1295
5499
8700
3525
6711
2592
3322
1833
8674
4187
3051
2300
7313
767
983
1384
1320
3494
4655
3192
2261
2474
8468
4735
2163
4179
7302
8986
887
8852
5168
4504
2272
9988
427
2067
3300
5022
4593
6906
8273
3566
5888
5841
3854
1411
1599
9487
7824
586
251
5343
130
2387
2182
9669
3128
222
3904
7244
1179
898
4099
7153
4018
465
6264
2943
422
5740
8328
8588
1740
2532
6941
6695
4345
9613
1474
8383
7150
6138
4666
8374
6161
6748
4305
1093
1365
8863
8720
1459
4917
9526
9427
9073
9703
2102
5096
3485
6266
9933
2935
2853
1171
9099
5392
6227
9571
66
5396
7427
8564
5158
2184
3155
9131
7657
4541
8244
7456
2855
9079
8778
5786
7438
1407
2378
1434
2401
6704
3628
1398
4355
1715
3697
1672
6538
4110
6422
7721
6260
9603
8716
813
5804
2394
5773
3679
8842
6426
6059
8746
1301
6498
8728
9746
2307
5086
7656
3720
3222
946
471
9524
5829
2724
1432
5494
3667
8945
6648
6228
5581
1401
7990
4042
4573
9258
100
9600
2275
2236
3405
8593
5405
9104
7148
7350
826
3200
8938
3757
695
1768
3310
9268
1465
459
4292
4551
5727
5404
3810
7449
6670
6764
667
213
5143
9278
8333
1037
4137
5694
8367
1829
3509
4252
9792
5274
6294
1008
6032
4296
783
536
3259
6643
8450
9322
2127
5137
1733
6631
3773
3659
5109
7120
2542
677
8751
2454
6820
1421
3801
7379
3429
5141
267
6488
514
1470
9818
1118
2161
7513
7916
191
8369
1128
9904
8764
9768
4544
3123
8735
1251
1939
3675
9918
7789
3668
7026
5977
4474
469
2186
9645
8902
277
6848
8950
4601
484
8279
265
6633
7507
9670
1038
1002
2513
3418
8390
1151
9070
9863
7447
9843
8304
8316
549
4585
4805
3018
6258
3046
5706
6487
4579
1388
5653
817
6091
5895
1424
2919
4123
5590
6082
5614
3311
4490
4887
2189
7208
4480
1350
3324
9686
1549
1509
7192
7103
2946
5942
3624
8048
6306
735
9323
9458
9150
8271
4934
3208
4278
2545
8719
4309
7564
4108
4624
9100
1031
9007
3436
4788
3502
7015
1237
7415
5190
8211
4066
6200
888
5732
25
2487
2433
6602
3789
3553
1282
8761
2033
4301
8153
2873
3143
5553
5999
8187
5510
9814
6455
6248
1034
196
1925
3271
635
1257
5078
3711
1603
1580
8053
6020
8723
7223
4242
5929
827
9123
1989
7246
8135
1901
6619
7499
8204
2580
5878
9181
7158
2341
5948
4415
9778
8498
62
3034
306
7294
9570
2093
6244
9800
84
3561
7978
7754
2319
9441
8454
6819
7056
7988
1663
2818
7570
4688
599
7243
7728
9023
1570
1937
9069
694
3678
3971
5419
3177
2244
5047
1911
6867
5991
2751
6
3056
6162
7560
2094
7409
9535
2704
4469
3001
4453
2867
8817
9054
7151
1717
7231
8251
6922
3743
7306
960
8792
5751
8951
916
1735
1046
1845
4722
519
7834
9032
6632
8712
3455
8892
3434
8703
4379
7001
3054
7722
776
6694
2130
4546
8791
245
867
3809
609
8677
6917
3848
2927
2999
8197
2655
7092
3216
7161
762
5393
8364
8999
5379
4818
4535
9160
9532
3536
500
5910
1409
4384
371
2054
1334
39
8051
9683
2203
5018
1072
7140
9188
9277
8039
5166
8342
1790
3716
9053
1894
4623
6105
9242
2032
41
4705
7927
420
4819
994
5021
6102
7049
3377
1559
1132
6904
2372
6011
6425
5781
3969
4852
3607
3154
414
4910
6236
9159
3464
2528
5894
1423
1215
1771
5543
9848
7023
5813
7285
2851
4240
7336
4401
8067
370
7984
9833
4961
3372
7039
408
52
5065
6741
2251
1744
5592
6412
3600
788
6470
9908
6177
8101
6501
9999
4940
2733
9385
1849
268
507
8320
5423
4498
9657
5485
7914
6040
941
1949
3041
1198
3852
3727
1212
5544
4533
8434
8351
1148
6468
9029
9412
3079
5182
1617
7459
6546
3341
3446
4412
3936
7746
2483
2939
1468
8640
4257
3095
4203
9097
7333
3423
998
8400
7319
1258
2080
7596
4653
2058
6273
1029
9740
5776
2898
5834
2177
696
2090
1224
844
6408
7076
7483
705
8508
7353
8387
6315
6550
8334
288
8574
771
1593
1826
4224
2294
7629
4765
2785
4273
8435
7314
1092
9819
1479
5923
5275
1499
1533
4967
602
9056
35
5175
6653
3182
7258
8189
1642
568
9955
6527
6911
2183
2360
4034
3811
5810
9438
1753
9015
1278
4530
580
5245
8515
3125
3477
3584
3950
4012
3414
1618
3579
5606
1757
4182
298
4677
6280
5025
8642
2922
3729
9085
5189
2075
8380
7358
8733
805
9044
1153
2958
9811
2495
5144
9871
4547
4348
5870
642
8455
7981
8904
73
807
6735
8590
6677
8034
126
6278
7451
6356
1610
2059
1982
250
3327
5430
802
1639
5098
9971
9271
8036
4919
1558
5283
653
7562
8213
7784
7337
6490
153
5239
1613
5607
4872
6556
9240
9549
3718
5203
9934
9435
9587
76
5355
9484
6003
6997
8718
5165
7675
1233
4270
5576
7601
8996
4739
5073
9827
7669
3857
7836
3602
7636
5654
3722
9557
9081
5961
5186
633
7693
4814
624
5733
7589
6194
5985
1889
312
4849
7310
2458
2443
3100
1462
8832
5622
7659
5832
7581
6800
2364
9471
1604
1017
9702
5173
7486
8366
7921
6354
8311
1701
5594
7130
2886
5071
2980
6074
632
9504
6086
3157
4409
8243
8141
4429
9850
8303
968
1647
3343
3031
2605
458
9869
4351
7068
9691
9923
5268
529
3262
6290
872
2891
904
5106
6472
4970
2139
6798
2703
8241
201
5397
7362
1827
9521
6327
9956
302
9653
7884
6797
1042
7255
2681
5451
6706
5287
7044
7527
8022
3764
1577
9620
6577
132
4839
2465
108
752
279
5099
6953
3144
9755
2507
3203
4999
8110
2246
7299
8294
5090
1428
5250
6480
1578
2931
8893
1861
9384
3084
4048
1835
6955
8546
5722
5634
9541
4204
5768
7109
3305
9787
2538
5043
8576
3732
185
4021
177
6592
3524
9444
7274
6211
2720
5341
2729
6349
6333
953
9356
7028
7365
4164
3972
5201
2219
4954
9263
8275
8695
4247
3479
9497
4163
7653
2740
3364
4482
4712
2505
272
7087
1389
1858
8245
7502
3151
304
7539
7946
8226
1978
2998
7619
4458
2030
9211
2292
7892
9144
2406
4144
9619
8503
2969
8783
2339
8689
3759
498
2948
8908
4641
6757
9482
6084
3989
220
5236
8004
5632
3868
2439
1305
6389
4645
6055
4702
3875
7445
655
2705
7612
175
4097
3942
4254
6287
8301
1086
4071
9767
1131
5248
1115
6650
6506
6788
5952
5641
6751
8234
6401
3197
824
6189
7009
2847
9572
117
9808
3279
9630
4111
4597
6686
598
9760
1579
3563
1059
2325
3748
7424
7343
5264
8669
5446
4664
562
5100
6283
6699
6885
2801
6943
9426
9440
809
724
6876
2731
9371
9597
4344
8459
9230
6292
1490
8820
4576
811
5469
6822
6746
6254
5502
9537
4669
2062
3417
1139
2007
7501
3170
8479
7519
4192
9865
8225
9995
7928
9844
7490
1417
8028
6769
7010
4969
6139
5255
7287
4134
255
5282
9330
8259
6328
5779
6127
9733
6017
6343
797
7555
1745
8095
5562
8491
9043
4086
3406
1932
1571
5524
7126
3093
1043
3138
839
2344
4950
9345
2026
8572
7407
1741
1327
9075
4104
6151
911
6654
4745
4895
4371
1442
3285
6844
2769
9013
7048
8573
6163
2512
6913
7549
7267
7293
3290
8250
4414
4831
261
9212
1456
1872
4812
5046
5748
6112
5498
9748
9293
3052
707
4031
2607
3708
2942
9794
9577
4868
8866
7725
5486
7107
854
9810
2107
398
4863
6870
1107
492
930
1975
2834
207
2576
1907
8880
5585
545
7633
9921
4976
8230
6250
7066
2604
2754
8124
4764
9169
6794
2240
7423
1967
6036
7165
2471
4987
992
3050
5743
3390
7773
621
6725
6896
1620
6087
2779
8298
2039
6575
5020
1627
1629
1896
4679
9667
5193
2158
8641
4701
5782
6094
9494
4016
1064
913
1294
8837
9233
6682
9764
8154
7256
4245
3874
2351
8280
4473
9631
4767
8600
7383
1681
1494
759
1739
9965
8602
2617
6703
1898
8099
6182
2765
654
2588
1772
5374
8693
1995
8578
577
2108
680
400
8416
7485
8466
9896
9486
6117
2173
8987
5475
6005
1268
7695
4532
2201
8554
3260
77
3193
513
5972
5515
1880
3552
5754
712
3460
8496
749
5679
2101
1176
1525
693
2070
2363
3243
8648
3456
4893
8142
7761
6834
6050
291
9932
6257
879
325
1
7920
3930
6370
2572
2480
1455
1707
5052
9170
2035
2423
5717
9642
8060
6382
8611
8193
8846
3965
1544
780
5739
9475
3713
4619
1722
3820
5257
942
461
4472
7181
4360
1466
6434
6366
9576
9828
6460
3089
474
3501
896
6124
7494
2253
1140
4599
6525
6188
6129
7755
4225
4063
2553
4440
6475
535
8203
4013
3693
6344
3002
9928
610
229
8394
5507
7391
1418
1427
7300
7923
8009
9036
6874
9175
93
7392
297
4730
2758
6905
7326
166
6647
927
5293
7088
3534
2066
4413
7037
6846
4127
3204
6140
1973
2905
9586
9289
4183
6793
1594
4525
3039
4038
9166
8847
4873
2367
4642
1177
3605
1698
2957
1484
4749
9174
1695
3795
5140
1481
7054
5601
5342
7059
5850
6752
2668
8442
3273
9147
3881
3400
1203
8325
3968
859
2672
1346
6405
7742
4903
102
5700
4388
8905
6842
6709
4874
3355
6437
6835
3347
9068
4960
6016
2228
4508
3568
269
1956
2558
3474
4201
3664
3422
494
1763
6351
6792
3008
7997
368
7262
9292
920
2053
2109
5704
7777
2683
3744
385
731
1332
6205
8393
8309
8875
2169
234
5856
9196
5918
4636
1775
5107
7590
2671
2929
6924
1977
5794
8173
5671
8705
6494
8482
1281
2277
4331
3493
5913
7898
3490
5661
3166
6482
6293
8209
452
4227
5954
3911
3495
2954
4892
7840
3026
7760
6777
3841
2981
5223
4406
6440
9629
5696
4443
2601
7334
9165
3463
9546
880
3688
8157
6353
8770
6042
6763
9643
30
6524
9039
3124
5124
6371
7117
2309
2408
5780
274
4717
7259
2298
2984
7497
2861
5247
6034
1852
7723
8681
6427
1492
4167
7227
4898
8603
3286
7783
7500
5181
8397
7803
2291
248
2124
1451
1780
672
4263
22
7374
5039
6702
1750
8266
9028
897
4491
8368
1192
1235
6719
2569
8819
977
9909
717
7835
9574
2381
8108
8513
9676
6863
5548
6813
8884
7050
5973
188
6312
9644
3703
8699
3105
3517
6687
571
6980
3808
3712
9140
4689
4228
94
6779
6459
1518
9343
1290
5335
3746
2461
3424
425
9453
1633
7578
359
3546
5697
5911
5690
4781
9362
6624
6168
151
7125
8598
9234
7812
786
7788
9310
358
2436
7561
6646
8604
2953
1884
9911
5901
6825
7776
4589
4366
7645
3314
1691
3632
7221
6623
4899
4392
4486
3918
7402
3042
3758
9558
5362
7205
5630
7394
3299
6698
254
5720
2271
9734
1006
8711
7083
292
353
3880
5675
832
5054
13
4442
2425
6595
2111
9910
1344
5179
5367
2610
1853
8264
1329
24
3313
7638
7934
5963
2661
1634
8344
9141
9096
7355
9776
8549
9551
5327
6261
4894
5538
7505
1539
7393
9858
2402
5172
3245
3909
702
5015
6701
8952
1366
5869
3077
356
5771
5935
4180
3147
19
2717
1581
9963
4925
8443
249
5886
9133
217
271
8000
3298
6367
7061
9704
9344
8237
7932
3187
9218
5881
4450
2140
587
6116
2994
8408
237
669
8402
8991
4313
8829
3022
4339
3475
7444
7154
1196
999
7704
6262
2335
966
1809
3791
67
5398
5879
5574
5650
1815
9964
9288
3787
9762
3533
8939
6070
8840
553
631
7582
3656
9320
959
7296
9299
5683
3304
308
3749
1645
3696
5262
1844
3473
2025
3231
446
8868
3321
8253
4280
7233
4561
6898
5950
4580
855
5799
5177
7793
7143
1584
1227
4789
4966
4590
9294
1163
1091
9464
6858
1349
3700
8082
1454
3698
45
5664
142
5946
4239
8283
97
5027
3992
4302
9058
5319
1609
4816
2804
5459
8070
6432
5133
7805
1548
1469
548
1636
2815
4600
1426
8977
2441
9005
1001
354
4990
2547
9698
1974
3617
4152
4927
5571
391
6914
4223
9899
6915
6986
8222
6511
9146
1787
1847
7530
4715
2356
7455
7882
589
1448
1314
7687
7593
543
482
8890
5843
8202
8220
3356
7093
648
5070
6973
1528
2447
7799
4024
9203
647
4394
9940
6775
2057
1362
9357
6771
206
3779
8962
2764
2422
1211
9796
501
2539
3974
1689
651
8768
688
8355
5490
3651
7317
765
2198
6321
2897
9027
2712
7607
2639
2773
7782
8992
5176
8872
6147
4582
8233
8848
1103
2456
4661
2131
1214
5350
5618
2602
6880
4769
4572
1653
8042
2771
1010
284
141
2451
6297
5059
3403
110
3292
6774
515
6791
5317
1723
6483
7677
3686
4937
7222
6669
1199
9710
5550
6491
1748
3800
172
3014
4298
7277
6097
9038
7014
3492
2222
9454
9455
2920
7992
4948
5670
4347
6453
5718
5762
173
704
1600
5383
9311
3476
8518
313
3644
5339
4695
5908
1255
7108
7474
5008
881
8799
4281
5822
700
5281
4792
5300
8071
502
1572
2424
2435
6222
4114
6406
7958
9156
1379
7016
505
1004
1981
8553
266
2646
894
2060
1749
5765
4146
9533
9958
6012
5457
5394
5468
9046
9026
2042
6419
137
2839
5063
7650
6551
2872
7470
7105
4352
6729
6089
6570
4364
2971
8440
1931
2613
3276
8267
3837
4357
1690
3063
2640
2523
4867
8284
8021
9199
2663
8218
9888
5640
4517
2427
524
9978
3263
319
5976
486
6934
2267
9730
332
7713
8371
5354
1328
1984
3550
8010
4883
3335
6833
4923
1274
7536
7399
5164
664
165
7098
5249
8461
3038
830
2453
8018
1816
2028
1624
5482
4630
5638
7503
6959
1246
7523
7297
9489
3614
2760
2375
3498
3823
1737
4481
9985
2745
7641
816
4534
8315
7729
9516
2846
4845
2414
1157
8343
6027
4107
7242
9416
657
3982
4368
1987
7652
954
2748
1724
7414
9804
987
8272
1589
1532
29
4772
9381
7225
2249
3514
2024
6811
9615
3915
4822
7032
481
3108
6110
1351
1955
3238
1135
7252
9456
8542
9725
4404
6515
6680
5230
1210
7535
9518
9849
5227
1731
5847
6910
9431
4794
1943
2555
9646
7052
3967
9236
2031
58
7045
7104
7674
7829
4700
8458
9949
4993
3220
8861
6215
3862
938
3115
7496
7676
8231
5840
8421
2073
5711
9276
9417
9960
8317
9334
6838
8270
314
9815
2848
8332
4662
1862
4519
6691
6364
2635
9092
2336
1667
343
6690
1124
4721
7868
3384
2577
4175
6444
7058
9716
2842
258
6731
281
7678
5596
6385
5681
9781
65
9812
8456
5933
775
9581
8495
1565
1472
914
3277
744
1102
952
630
9759
14
4259
2209
1319
8935
1049
2656
9628
9072
9803
6952
8511
8943
6471
6519
1058
3111
4564
8608
7328
7198
3223
6981
784
1778
8756
5007
6636
3867
2896
7787
444
7275
4562
2479
238
7081
5347
7464
411
4236
3900
4141
4594
1804
2279
2871
9049
8878
3601
4449
7371
1883
9832
4716
7282
9991
4720
4542
5724
232
7149
4704
8623
449
3578
9483
1433
1800
8098
3172
2192
9607
541
6454
8845
5159
1109
1850
1323
8405
8112
6688
886
4548
6066
7718
8704
5627
8386
7670
4670
8011
1272
1899
8029
3444
1245
7967
8827
8031
1709
7818
6213
8506
1669
4318
1824
5797
2707
5225
2856
4837
418
600
6302
8706
9220
6932
5949
7446
8001
7767
3121
8093
7378
3268
7257
5789
1286
2138
3898
7857
2105
6365
1324
8489
5188
7715
56
4913
5817
8888
7309
1505
4044
821
8769
7668
395
1924
8828
1764
5905
7966
7692
7170
3158
3923
2727
1940
4744
197
9491
7450
8420
7764
4742
8798
6789
1713
3165
1117
1674
8800
9751
80
4256
2632
612
6496
9583
9864
6006
128
372
8659
5406
9129
9872
6155
8995
7420
1356
3232
6418
7791
8544
6136
6871
8057
943
8200
4737
9855
2248
1813
3865
7457
6185
478
4726
2405
2282
823
2690
7254
6452
8100
8926
3274
3603
1369
3178
4373
7889
7833
6547
9944
15
8184
742
55
7195
2776
3055
3339
9114
9791
5680
1345
9880
6402
4369
616
7102
5450
7380
5224
4571
8291
9183
9517
2913
3082
4813
3669
3033
769
7968
1895
3825
4884
3194
4220
5084
4988
7245
9534
6099
2716
18
6919
4518
3742
2087
7264
1632
9413
4936
6599
6021
561
6724
4451
2285
8583
1014
6737
8199
2412
3069
7753
5476
8406
4243
3940
2770
8163
7954
3636
8314
9990
5928
186
3064
6744
4638
7460
3410
8210
523
5540
7099
138
679
5077
2800
6416
3726
401
4191
7341
154
7144
5150
7229
4777
5646
4574
9084
4002
3931
2977
2878
6772
686
8391
4610
9969
9752
6883
4015
4635
1447
4030
6386
1598
2482
6583
3612
4367
1908
2410
3660
1325
436
2316
2836
3877
8649
4550
1546
3315
1287
4944
4133
4181
480
7618
6145
8413
9197
6566
8428
5621
625
2701
4436
3640
337
804
7216
2739
4248
3175
7508
7684
6940
7847
9662
9389
2174
7230
5993
2843
9124
1964
2630
7625
1090
3411
2895
3224
9178
4037
9895
9319
6039
7476
1637
5194
3887
4359
8713
2693
8322
3707
1402
1834
4603
8133
7203
9897
7292
2651
1204
7711
2579
1688
6586
4877
1868
3849
2005
713
5420
4604
2562
9155
1582
6130
7185
3503
5533
8657
5669
5734
3649
5825
4390
8740
8119
3738
5161
6829
665
9091
8
20
3181
1289
8710
6446
4577
9275
4691
7896
7719
5440
8661
1339
5826
9231
159
5577
1687
4151
539
9340
818
438
8675
5270
4708
3715
9507
6346
9235
7531
2535
6900
3500
9826
2135
3919
3538
6395
3021
9982
4230
2525
487
2797
8492
4001
2407
5943
2502
4148
3080
4757
7340
8265
4997
1489
3633
3330
9395
2570
2982
9055
4995
5351
4858
4084
8631
5410
9786
3689
3976
8781
4505
8539
6681
2003
5529
4864
4860
8198
5462
9684
3468
2768
869
955
9892
1537
7434
4568
3991
6033
9335
4209
1487
5328
1545
8685
9769
2654
4850
7038
8601
6441
6693
7995
9396
2787
113
5011
8605
3252
2692
145
7007
3284
3287
9255
4208
8217
5855
4165
2418
4478
9303
435
2962
7922
9149
3590
6923
1523
4262
6281
5531
4711
6558
9086
8485
4326
6111
273
4515
3230
6505
1959
4955
5035
9889
5668
7545
7955
3914
7952
1837
7588
2723
3426
3864
9298
9977
4077
4004
4432
7826
3435
214
7786
1842
2746
7850
8345
3028
7940
7526
5760
5445
7261
8097
4386
1527
3964
4268
3205
3249
5555
7097
1143
948
4496
127
3938
6342
5441
6316
7770
51
8014
9773
9145
5624
4485
2172
544
4738
2044
3631
5001
1252
9287
8336
1060
87
5649
6347
6181
9153
3818
7909
9510
6037
2110
1425
7372
8989
8102
8913
9915
9954
7900
6759
8947
6987
5061
7881
3507
4798
2938
6007
9481
5211
570
8321
1304
8089
393
9987
6768
7912
3999
4101
3638
8690
8560
219
8925
9052
2137
5436
3625
8834
241
7482
109
9505
6521
5872
9593
3619
6029
1057
1725
6096
4081
7304
1946
63
2386
4943
3653
5473
4275
9366
1971
1081
4731
3643
2225
6926
7820
8194
7289
838
9042
2106
1134
7880
190
4434
8652
8529
2254
5062
5365
8536
2882
5301
8158
7691
5899
60
6539
8922
6891
2126
4300
2470
4211
3183
9256
2488
4947
1408
9973
4135
5091
4933
2857
2004
9302
6410
7648
129
3148
8221
8801
5764
7018
5057
8140
3280
6778
1630
2242
1855
3020
8806
3362
6557
1070
4674
5747
4238
4724
3704
5763
9304
7188
2890
8616
4308
5716
597
518
6700
61
5019
4857
4055
4162
2165
1673
1972
5303
5519
1189
3542
4210
9919
7602
9724
4637
378
5325
2118
5520
2097
2747
895
8201
3237
6567
697
8047
7712
4620
440
3786
2445
3694
4184
4009
6150
1555
2119
6671
5308
1732
1243
3086
2988
5252
652
958
4529
9430
1155
1085
7432
706
8015
5578
4043
7091
4916
2012
6256
239
9098
3188
3071
9777
1791
3637
7359
6988
3213
6198
3
1836
8871
3383
4817
2732
421
8107
9838
5917
8857
5853
3365
6963
6270
1569
447
6377
5157
967
5372
9922
8731
7147
4905
9840
3067
5688
5939
9531
4159
2626
2383
9614
6331
3454
4924
3340
6816
1078
4307
5149
5206
3487
1467
203
8787
876
6169
2076
6954
9959
8860
4833
6318
2362
7563
4093
381
5753
7864
6210
2304
1854
2171
8903
2911
4070
1296
289
2531
4067
7558
4253
6785
4672
3657
747
4553
9539
7910
8228
6493
6607
6028
8340
2811
1394
9924
1234
2774
6945
1650
7321
9040
2992
424
4759
3167
5995
5307
4545
4649
8337
4707
9966
9354
1259
8441
7567
5338
822
9590
5442
7998
1221
118
8302
8395
3549
8664
8472
8159
5757
5742
4452
4132
4229
5860
5006
4865
3247
3169
9270
8555
3112
6616
6781
819
7574
9254
3156
7385
357
8541
1205
9142
2175
1950
4007
1116
8790
1538
7768
8132
1517
7797
1619
4168
4489
4658
3541
5032
2041
4727
4690
2744
3731
3512
4780
5866
8577
8666
8166
7090
8556
5009
6902
1406
733
3332
9136
5642
107
1818
6461
8953
8164
9410
7344
5880
4365
7699
8191
5422
6543
6982
463
622
9941
9650
8826
7382
3139
5346
9250
5655
2678
2544
7458
961
5759
2289
5358
7688
8968
6464
3889
6240
2816
493
4424
1806
3150
856
3610
4632
2892
4979
3902
1909
4587
7752
9862
2786
4027
4380
8338
6552
9671
6375
5387
1664
520
2543
8236
5525
1293
8407
3760
3922
8821
198
54
1912
9171
3835
9300
8895
9375
5545
3595
5237
9059
2964
3884
34
1158
2083
9450
7024
377
8122
957
4975
3774
9582
9346
2420
3441
3397
3725
4647
9845
3860
1905
2181
2211
2204
5656
4435
192
538
5536
9204
4815
5127
9060
3363
3184
6323
4703
6010
7538
8673
5816
5066
6338
2416
9078
2129
6477
9639
5932
6817
3814
7963
8426
7524
8824
4861
1933
4267
6994
1969
2229
4516
2377
3613
8149
9061
2050
2536
7013
9543
2034
3370
1065
9122
9688
1412
1755
3296
9161
7452
8548
336
8522
4614
9860
9167
2657
1948
6093
8460
9138
3465
6765
4687
3580
7491
8745
4931
327
1076
143
8614
1602
9000
9519
1122
800
2197
3655
3960
3522
5549
9784
7959
3527
1003
2490
6304
2167
9125
311
3876
6396
798
9184
7512
8825
1736
4035
6931
3775
7591
5645
1556
7897
4032
2688
1254
7875
5304
3861
1823
9200
7157
5639
4116
9439
5103
2608
1104
9180
9598
607
6755
4882
2742
3368
1306
2917
7006
4840
5686
5320
7745
8486
965
2987
9317
4420
3303
6554
5345
7033
11
711
2986
8656
7473
4697
9914
4315
9390
8632
1452
8436
1906
6122
6376
6295
5254
4888
4232
4399
7945
1288
6610
3674
6080
8714
6881
6893
8349
4906
9269
3369
5267
5356
5478
6388
6612
4684
9308
2821
4064
1801
4085
6957
9228
1796
2974
276
1711
9903
646
3672
2009
8463
4616
7418
9154
517
9173
4046
1178
9021
7134
2384
578
9217
9358
4029
9238
5761
5447
7180
6656
2273
7766
1392
5360
2310
3389
7443
9861
3520
9409
6640
4215
2583
9415
1676
1486
8030
4023
488
5318
4155
6126
7169
2349
6596
7395
9216
8437
984
7856
1965
3807
5312
8473
5492
5580
3785
1685
6802
7298
4762
9436
9952
2160
9128
2431
8069
4462
1997
1554
3618
9687
7982
7114
6268
1114
3015
2990
3842
4856
8150
4138
9544
9795
755
1904
790
9512
1213
8409
982
303
1414
5040
74
3792
6877
4448
5151
3663
286
3582
8524
8822
5014
5155
8721
5672
2714
2459
4928
9970
8561
6076
9432
5712
7305
9050
468
875
988
5299
9472
5418
3234
5484
4017
929
3408
2914
4588
6685
8451
7750
1138
842
7145
9554
1930
9094
1535
426
8208
3109
9501
5896
7780
2780
8085
4316
8297
9332
2862
1174
2265
9373
1446
7616
9158
3309
4880
4003
6400
9948
8282
656
2357
6630
1567
4195
8242
8185
6265
852
3723
7673
5259
9151
6812
7716
1988
5029
2951
2159
3076
6971
8937
7215
8957
4964
4982
4000
6629
1776
2092
8867
6605
9594
2358
3690
4847
168
2392
2725
976
1660
9014
7682
8058
6535
2582
9747
8545
4213
6818
4663
738
627
8647
7623
8910
1526
617
3939
1145
2504
2452
6135
6561
9661
7433
5769
8855
8188
3415
3587
6360
7210
4907
2063
3606
2844
6232
7347
8494
2960
8873
3878
3802
9637
7658
8744
9048
725
8477
270
2230
4103
3186
1839
6860
8361
122
5955
9870
3295
5455
701
7346
8743
8676
7412
7324
3099
406
2777
3599
1197
2385
6053
4665
3361
683
5
7635
3556
2133
2176
4678
727
3733
860
1928
2123
4803
3374
6604
5363
5051
9622
8260
1377
348
4540
1543
2829
2485
7132
8754
6545
8757
6160
2820
4671
6451
9853
3499
2959
1279
2722
9739
7435
9917
2529
7155
1123
9665
2603
5497
7218
1586
4920
3354
6107
1186
9401
1867
2619
980
7301
6195
1649
42
8129
8581
3927
7626
4595
8584
4958
388
2299
3724
2565
6043
2711
75
7323
7116
392
7368
8766
2517
5802
5471
1828
1333
4607
7110
6291
4972
4337
7463
4186
9448
4945
658
5139
7320
532
4271
9771
7250
8858
3840
360
2152
135
8359
2864
7351
5336
6358
8891
8162
4659
969
1244
8037
7303
8378
6907
5037
5914
9737
7765
6572
2813
1734
3671
8739
2614
5567
8170
2852
8398
7197
2552
9071
9152
718
5291
4089
9341
394
7422
1607
5246
8478
3740
7846
3863
4330
3443
5199
2689
2961
6516
2527
5613
8785
9016
882
3893
741
7547
4349
6531
4667
205
6814
8517
2670
8814
7631
8137
3129
8072
7129
7112
6233
5568
5858
23
6320
8566
3548
3562
5366
3113
1700
324
334
7207
475
5723
3081
1292
5375
7568
6221
8104
4983
2710
3917
3516
260
7664
2077
661
6171
803
4871
9935
5205
6857
412
2191
1343
608
3794
1704
3994
4501
7520
9012
2564
673
9728
5835
8563
7
1105
5708
1765
5038
2200
1089
7689
5998
8115
150
7705
1892
9185
7141
6760
9717
1793
6380
7021
2810
5774
3127
5522
546
1957
6373
9916
7480
4680
6423
4855
5775
2476
6284
7410
2567
4169
430
6301
8357
5867
1738
2976
3952
5698
3373
6851
8145
3816
466
6018
4314
8771
1016
7178
124
5174
8633
567
5599
861
5132
7871
5114
7331
4154
812
7801
3407
9609
2434
8772
8707
3171
7747
8087
7544
525
4791
2499
2796
5659
6579
9681
4147
3543
8942
9500
7345
6271
3007
7554
3608
7931
5547
9316
1162
9931
1605
8152
417
4476
7696
6920
689
6372
3032
5454
7991
841
659
1998
1918
1005
443
4908
5714
2622
7919
8467
3981
1550
7375
9618
12
4825
1300
2805
4693
2199
6609
9542
6950
8168
1616
7515
7436
9649
2311
9225
5539
365
985
9547
4149
2581
7376
5915
2743
3092
6799
4304
3025
6399
8077
2212
7263
8429
4627
640
5288
3781
7951
4488
2125
7429
2002
6600
3437
1865
8385
1460
1316
6890
9873
5242
6090
8292
7241
4980
3676
5569
1769
3308
7660
6826
7849
9556
8559
3519
1438
1053
8532
5735
5652
2128
6865
4660
1926
6840
1150
5125
2728
3005
7100
7406
476
7162
8376
9652
1121
1040
7551
5399
9449
945
1396
9568
5377
5692
6119
9822
5982
6390
5389
4174
5508
2056
7329
211
8324
793
5017
8859
4428
5298
5604
6209
2541
2679
8038
1191
7800
1996
9135
3057
2648
7781
3819
59
3331
7790
7307
296
5778
5897
4783
8686
6469
7062
3024
442
367
317
9296
1983
5611
971
7814
1979
3790
6807
112
1422
4054
9735
8127
1219
103
8762
5788
4117
2899
2530
5395
5013
8126
8330
4978
8562
9132
1270
574
1856
4640
6827
5537
638
6357
4150
4784
1108
2593
3120
495
757
3828
134
2506
5102
9360
4615
2340
275
1182
7925
5004
5191
362
2806
6061
2226
1353
9945
7177
2571
363
6415
1069
1439
5925
8023
2812
5554
10000
2069
2837
1315
2752
6740
1921
5504
8235
104
8782
294
4062
6613
2501
4774
2264
3951
5793
5705
4875
8679
7251
2691
4297
2290
743
1126
6025
8346
2629
4136
1863
9580
1521
4555
9406
618
3905
6429
1463
6804
9503
2440
8268
8960
9727
5120
7720
8958
6705
92
1223
8994
1662
5805
7224
1938
2006
3469
763
7286
8586
7708
1415
7232
5407
2088
7175
6958
1387
7238
1552
2687
208
8417
3958
119
9529
161
1897
5357
7388
5487
95
6146
4556
3934
7072
7795
3391
8607
9189
316
9789
9968
5987
6148
7202
3650
7318
3445
6421
643
9659
5153
2893
2398
4251
6277
7949
6884
2227
1805
6324
628
4286
6996
6528
6815
5452
6655
1547
9961
3367
3149
9989
3654
6668
1510
387
6520
1074
9560
8869
8874
3963
6249
364
590
8654
9585
4060
2665
6345
6072
8305
344
3620
6720
8510
6553
2399
3398
831
6447
3966
9496
9655
2518
9953
1136
3767
1742
5587
915
4455
6975
383
9881
4881
9820
2667
1498
1782
7810
6289
8372
8424
7525
8805
7832
5213
53
6796
9202
6969
2650
2213
1299
3551
7462
7234
4058
7322
1706
5891
3611
5940
4094
5919
5967
2361
4080
9493
2789
1202
5198
9943
7680
1990
3433
2156
583
4112
1784
7377
2709
7079
3701
5859
1080
4234
7597
1195
703
9252
1625
3895
7917
3616
2850
1013
7724
4105
4139
8741
868
4419
4646
1916
7943
3094
2908
5921
4145
6502
1441
6197
2449
3899
8044
6560
96
6115
7396
3844
5426
8923
7516
3750
3565
3375
4425
8474
5079
6045
3269
4621
5707
7270
5215
5726
4422
7685
8079
7113
6015
6606
3518
2633
9195
5603
516
6770
2975
9101
3996
5464
1011
4598
6916
2317
5892
4385
6180
9326
2863
5076
9297
7540
6137
7466
6078
2623
8499
3353
1665
3933
9186
8068
4153
184
4456
758
2578
9424
1165
5220
8065
3626
528
6738
9606
3961
1495
862
2193
1702
5016
1710
5902
5290
8998
970
3521
4675
1338
9224
5898
9143
4994
2509
5371
7168
2153
9080
8779
4633
4255
2782
6756
3470
5134
6062
6978
7011
2799
2778
3604
834
7585
2379
5965
6207
6683
7809
2284
7737
4011
2840
5823
1524
1888
792
1947
6555
4039
4463
1393
6325
2061
7327
4122
5208
6445
9163
282
5026
4809
6921
2262
3752
3283
5790
3532
4846
3572
7559
5600
8399
8392
8984
9190
7603
8452
9108
9116
2078
9473
5352
7071
7269
8040
9632
2403
7369
3695
189
8758
8850
5710
1781
7411
5311
4806
2322
4376
8777
7057
4431
1516
5479
1348
6317
729
3378
1478
2627
1430
6585
6465
8597
4173
333
9707
5115
3815
8671
2937
1530
6098
3451
5807
1242
8446
4430
912
9020
2573
3366
2761
82
4065
615
3851
7398
6002
7514
4051
456
8177
3450
3739
5113
5265
8412
8481
8767
6549
4323
1361
5146
9692
7096
8570
7214
331
4109
4113
2164
3118
8528
4682
1529
7484
4728
9207
7825
2019
6569
7124
8538
4350
8775
9488
8969
7630
6849
7979
3294
8388
8816
2636
5463
5240
7487
7576
5665
1785
5045
504
144
1194
3328
573
4118
2132
4216
8653
6458
2749
3198
8619
3943
6235
3209
2437
1376
7060
9422
9182
5920
6734
1028
4992
5403
6392
5330
4479
8613
5658
910
6679
1342
8974
9975
7821
7213
4121
4608
2396
3419
3924
5951
5738
8006
503
9883
5295
1336
2734
9001
2833
7969
7431
7822
5941
101
8516
8418
8919
3146
2269
1239
4374
7220
6696
9685
2179
2945
3692
4189
5643
8961
6847
8752
732
5359
721
9192
5094
9377
5424
2295
3539
4968
2828
2233
2879
8915
723
6649
9307
4740
5916
1170
7065
6164
3346
2700
1686
8881
2792
2989
4198
9253
1588
309
4836
5286
3589
3428
8808
8120
9045
1477
2258
753
5709
4188
3980
698
8469
9164
252
3387
6044
2148
9077
2086
8615
9983
4334
9260
8670
7522
1444
8505
1716
2653
9222
8493
1743
5736
1777
3106
8802
6598
5112
926
2486
902
195
1976
2649
9239
9353
3558
5875
8722
6864
3119
6101
4755
43
3338
7839
2052
9564
6961
200
6708
1915
2594
6443
5582
8160
3879
5755
9589
399
1951
9314
4483
5633
6659
8161
6951
1354
1359
4082
2430
5695
903
9979
3873
9514
3912
829
9525
3913
7974
3344
4005
7357
263
601
1611
3412
8362
8214
2909
2516
9770
7763
2808
8143
6077
1372
8636
1758
5719
410
9866
1404
1485
8946
1265
687
2144
6947
2104
3824
328
1193
2250
6191
2933
9347
756
7935
1958
8836
7727
6313
193
1878
5297
7852
8815
7823
873
2903
335
691
3011
3320
4459
9821
858
9025
2702
9837
8966
9877
9350
5028
6335
7980
5088
1337
8650
3753
1276
5378
1166
3228
2320
8156
4821
9772
906
7796
6230
7842
2260
2533
7367
7040
3258
975
9750
7041
1156
9261
1678
5472
2763
1585
7996
8483
453
373
2489
72
8169
9205
6966
8295
445
6259
2268











































































































