2800
967
1930
3970
871
1456
1863
3291
3862
3129
408
2588
2780
2225
2205
828
2801
3609
1378
1462
3016
4848
1750
2606
122
1322
4297
413
3436
4011
613
3654
4296
3560
705
111
1606
2011
4537
3678
3138
1792
689
2892
685
4514
4805
1299
353
4849
56
2683
2967
632
3385
444
2143
1771
2168
1851
4531
125
1253
1383
2585
3556
4759
1777
1075
2057
1127
1402
3448
11
2365
4512
249
1804
912
2508
2261
1741
3996
2315
4200
4731
3244
1055
388
2001
1191
4526
427
4565
4598
4026
3356
3290
2288
2191
799
1712
4691
3379
883
2433
3311
2372
4292
244
2062
3
1134
2378
2746
2377
4746
1824
1453
3271
4510
2063
2720
3173
324
283
3767
3417
2750
2221
1739
756
1874
4607
3894
935
4095
4584
1721
2722
116
3901
621
994
2733
732
1754
4795
4092
2514
2418
1366
3857
4225
2922
2710
2579
3330
1431
4251
1682
2833
2973
1713
984
4066
4533
2104
4978
4103
4254
3729
1429
2107
4293
4431
4615
2226
3675
1993
1869
3324
818
4995
3829
1203
1377
363
878
2446
2497
2456
3447
1854
4568
4989
4572
3743
1883
2324
3152
1675
4837
2769
1926
2605
4074
1819
4670
234
382
638
2179
4012
9
2202
1335
3440
2946
2992
4710
1129
2484
3776
4530
1561
518
850
2865
3925
2140
1735
1483
1555
2425
61
906
3350
4260
3107
4488
1671
2147
3359
3702
3549
546
1146
4334
2932
4926
2548
2006
4862
3065
148
2670
2599
3774
2283
4635
4744
4509
2894
779
4827
2792
4238
3824
4471
2188
1576
4058
3343
3121
1337
4399
4089
3659
3918
2633
3452
2073
3035
2648
1344
3443
2343
3935
3404
498
1096
1023
719
1751
1208
2529
3149
1998
3424
2268
942
4674
3628
3465
4008
3939
796
3694
4716
1449
2049
22
1527
1518
2919
2422
2457
2458
3094
4045
2662
1811
1580
239
3355
3525
3747
4711
4678
2436
2881
3966
3990
832
908
2233
1983
2437
1937
1196
1097
130
7
2490
3536
4329
4268
2126
2401
1280
4643
3631
3403
3606
3798
1066
2362
2080
2298
240
147
957
3301
752
3696
1215
960
387
823
2566
3909
3438
1085
2116
2279
1447
2165
4005
2012
1437
2524
2945
1791
2493
1304
2414
2270
3855
4814
404
1361
517
4871
2630
2382
3589
2635
1544
4363
3260
2647
3662
3535
3932
3238
715
182
4956
1411
3194
3611
2846
3289
1162
98
2236
3259
4855
3475
3083
3732
858
1514
3419
132
3502
774
201
4266
3736
4990
4606
235
52
1936
4276
3711
2142
1349
4689
1501
663
57
3184
1166
3680
2679
1132
4380
1607
2435
3870
537
1213
1264
2018
1271
2601
4819
3718
4312
3819
150
65
1504
4712
959
4150
743
3601
2408
529
3046
4829
1557
1577
1892
1394
3474
2166
242
3202
1533
714
3605
3040
4521
3942
262
317
6
1121
1138
4818
594
2090
3484
3959
1743
4698
4360
3541
416
2412
4907
4804
1497
2487
12
1415
508
1610
1401
3501
1661
3947
3750
1494
1206
1616
3916
4955
479
690
4304
4461
4918
2767
169
3156
1199
4706
2985
3618
4548
1676
2075
1091
1914
1558
2028
2747
1979
4112
4454
3388
2449
2787
3015
4288
273
4427
4336
859
4630
1398
3128
2545
3526
1463
1331
3842
2739
1774
2561
334
3144
4382
800
2478
1109
830
187
3989
4501
4358
174
4647
4924
4348
2195
2160
516
3467
2
3933
4283
2912
300
2909
3124
3100
227
4542
4520
3710
2840
633
4561
177
3349
4996
2956
3231
163
1491
496
2782
3897
4747
4386
2573
3645
2663
343
2354
4474
1413
4314
3400
947
4773
3839
4596
3358
1048
4736
4943
3543
4723
1696
2984
192
2477
3010
4646
3220
2017
4469
2396
2307
3480
2929
1589
2963
2544
45
4153
337
4195
1786
4246
4015
4632
3780
1944
2323
1635
4771
1233
4164
3552
16
3366
1884
1158
882
1169
4980
3333
4001
1102
2442
164
786
3348
4197
4457
2969
217
349
3195
1679
357
3472
1571
2730
4446
2419
20
2452
325
3896
1068
94
4906
2587
4414
550
2624
2869
4991
1655
4120
2921
2252
4466
2409
4140
1648
4789
1250
1419
2625
3014
4778
3818
2790
3252
2687
2705
4340
1866
1532
999
1032
4878
4957
608
173
1044
4184
2131
522
1701
4760
2051
3256
3262
857
4603
4170
243
2959
3734
693
399
2312
2410
2910
3500
1065
3464
3073
855
3838
2257
1481
4657
2216
2136
3803
2931
4220
436
442
2732
4188
4086
97
2227
4392
2469
385
3547
2655
3982
4592
4198
4880
3247
1617
4429
567
1407
4373
1382
3225
4044
917
352
60
1562
3414
395
3323
4648
3847
4102
4964
4843
4229
4838
4421
2564
2610
869
534
339
4628
58
3800
2718
3633
1192
2503
3974
1080
4836
1727
4613
119
3078
1738
4450
4997
4379
33
1131
2528
2760
323
885
4460
699
3948
1252
3657
2473
3141
4006
3687
3288
3269
1088
4344
451
1704
4403
4624
4694
4854
4695
3945
3254
367
3742
1582
3856
4929
2345
862
3530
3888
2998
1505
3234
4549
304
3170
1352
3206
4324
1182
2771
1623
1329
861
4477
872
736
3957
4983
3434
2958
944
29
3315
557
2622
3786
4437
1399
1832
3506
2793
2137
4320
831
824
4700
4614
3518
3968
4176
228
1031
88
1300
929
3150
591
4904
2657
684
2890
801
1626
3428
365
3281
2977
4072
328
4364
3176
601
4041
2824
4187
4147
1012
3904
4021
2615
3416
2961
2933
4709
1480
1287
532
2009
726
3223
746
140
2714
2295
2831
34
925
437
2405
1090
1120
213
992
350
3836
3243
4094
3548
126
2321
4897
1710
172
248
1266
1418
50
1130
1853
3586
892
2376
509
447
593
4790
1376
2262
4206
4127
4490
3468
3995
2832
2394
4205
3562
1688
3741
3193
4456
4775
1016
3369
1694
4347
1317
2575
1312
4433
3489
1697
3218
562
1614
971
241
4267
4820
1680
224
1519
1231
658
4341
2071
2690
4580
1597
4825
1843
73
1273
2367
3828
4143
4714
3922
669
1755
4240
1997
3284
1509
3861
2738
4332
3004
4977
1465
2716
590
3515
2906
1836
4445
3844
1672
4082
3673
2183
2421
214
1825
2965
2852
3012
1996
2267
3137
2416
2532
2667
3153
1950
1499
1844
2608
3650
429
2277
113
4090
524
2731
2957
805
4046
4934
4985
1970
3998
4777
2583
735
3988
2379
1681
4369
1010
1475
2891
1142
3116
2061
4224
1454
4077
4741
4758
3783
200
2152
3024
3504
1592
940
250
4828
4354
2737
4601
129
1598
3486
573
1882
1806
1938
1026
4070
3635
1137
4291
2249
854
4396
238
4111
1588
3782
847
310
4139
2975
2703
2884
2424
4223
540
247
1052
4128
1359
4629
21
2873
761
1554
2269
1001
3514
1345
1281
120
2203
1785
2557
2674
886
997
1410
2708
4753
4947
2659
2287
1719
4875
4361
1004
281
1602
19
1767
3162
3422
2293
2068
2972
1479
2964
4656
2807
1703
2712
190
4325
3592
4037
1307
4038
2466
740
3583
3491
4159
1110
1677
3784
4161
3133
938
1565
1822
1467
4142
1326
1083
3900
3441
1077
4175
1207
755
784
114
3773
868
1965
1496
2498
3377
4720
4480
4761
2004
1058
4359
4093
4096
3155
1723
682
1303
3738
670
798
303
1229
651
2697
1183
2190
3337
450
338
4722
1990
3215
946
3136
3537
86
2842
3999
2206
604
3222
2584
874
3455
3308
3069
492
1333
697
2479
438
790
2540
3351
4484
3721
1238
3542
4054
4328
1599
474
3080
899
3494
206
3188
4888
1235
1994
1814
920
3763
916
1574
3757
1227
4009
3459
574
4023
1037
841
85
866
745
4388
1008
2199
3224
3077
3426
811
3217
4353
4503
4402
2702
3374
4668
1956
4626
1033
1568
701
4701
3082
3380
3686
555
4029
649
2290
3624
3632
482
3415
565
802
160
2860
754
1794
4256
3779
96
3625
2521
513
2420
662
3545
1512
2330
3817
3582
3462
2482
1768
1640
4279
221
3685
1045
3831
3619
2496
1279
4527
2799
1351
1423
4168
4290
1255
4148
3528
4802
2219
1830
2555
2363
76
4856
704
1117
1961
2123
3801
1538
3410
1659
3482
2485
4896
3726
4459
2859
463
4774
3986
2370
4034
674
893
1870
4274
4812
4019
4830
2734
1125
1111
2044
1828
1374
42
1594
1400
757
3748
1636
2093
485
3623
470
2825
4483
2902
4244
4472
2427
4116
43
15
2742
2637
3981
4562
1528
3457
486
171
4755
2077
4932
2010
4692
4536
618
4554
3292
2563
1422
3072
2758
2034
3722
3772
3553
3517
3498
951
2784
3639
93
598
3335
380
4776
4016
4839
511
291
1150
209
2475
1390
2893
2631
3588
797
3713
1801
4039
2033
3268
2688
4352
4295
1748
3034
709
4718
978
2987
1821
4699
4885
2541
1251
2930
158
1652
2744
3877
453
1290
3469
804
1362
4984
639
4118
3884
4218
2342
748
3270
3099
4890
3705
1700
358
4375
2197
35
115
3649
14
2076
4658
196
2636
975
287
694
1550
1078
3620
4585
2289
2069
3382
2026
454
2994
1931
1297
915
2851
4491
355
1534
4553
4976
2055
1217
4252
2604
2352
4768
3038
2629
1644
2161
4573
142
4207
902
3971
1180
1559
3013
75
62
3980
3445
502
439
4622
1343
4272
2327
2465
1604
1425
3272
4949
4085
1122
4108
2815
2220
1160
2645
1028
911
1156
3407
1705
430
2650
4121
1658
109
1397
1736
392
18
1745
1179
1258
1850
3264
3720
3352
4732
3131
2301
1660
331
455
3523
1522
4684
712
4645
4169
2085
3190
741
4243
3617
4018
4858
3739
3305
3210
3841
2303
472
4972
4534
2122
3972
3208
3872
124
4516
2764
3634
4650
1674
4865
2882
3984
1141
168
3621
2021
4822
320
2266
1395
1637
332
909
400
4306
1551
2125
545
1391
4465
2429
1798
2740
4448
1913
106
3398
3052
3973
1328
2962
4766
4873
1908
3516
3755
2618
619
2390
2109
3965
1334
3242
411
149
1201
1216
1228
1566
2299
3766
1815
1332
2065
4185
688
4578
4449
3906
1041
2364
4067
493
2681
4258
4416
384
3019
1190
3240
4999
1076
2723
3630
1899
3461
837
2652
3293
4577
4809
1050
4879
3048
1540
1898
4920
634
4793
2198
1765
4310
2515
1885
4069
606
1935
3644
769
1612
1800
373
2828
4961
3027
3142
2654
3653
2897
4633
3771
1986
4335
985
4330
1942
4555
3587
3033
1902
4211
1034
4204
261
551
1301
314
2239
3025
46
1
2612
1837
3832
1404
4247
2235
1482
541
4349
1247
1100
4202
3881
3921
4047
1267
478
2275
2700
4506
4100
903
2310
1278
1656
2870
1220
4315
2766
4968
2586
1916
1917
809
4541
207
4239
1212
134
2594
1246
1619
1367
763
3420
2857
3899
2944
835
1893
4762
254
3418
1530
3329
625
2698
3731
198
3666
3671
225
749
4212
4020
881
4081
3590
284
1124
1500
3693
1969
2158
309
2056
3791
4940
3219
2805
500
4937
4192
4440
1957
3376
2030
461
3677
1433
3667
3638
568
1802
533
2238
2785
26
246
4704
4705
202
987
2664
4010
4894
4269
2501
1014
3074
3570
1764
1759
2163
1855
1586
2448
2054
4602
1148
1724
3000
3907
2231
1593
664
1877
162
449
1812
2725
941
1733
1773
3427
294
3345
4500
1845
3460
4713
3483
3402
4847
3585
118
3510
3551
1963
1292
3683
1103
4799
4652
3132
2385
1974
901
2415
2043
1669
397
1430
4960
1073
4152
1958
4284
1256
3934
2450
401
4422
422
1225
265
3049
3236
3102
4178
595
2486
2467
4447
28
2121
105
4308
1405
2423
1872
381
3239
1807
2920
3367
3064
4455
1816
4075
2223
1283
230
4663
1523
2980
1633
2559
3735
2600
376
4343
4464
481
2237
4515
2950
3249
718
2000
3274
2162
851
2639
1857
4372
3940
3878
4193
603
1605
1941
299
4817
2849
1341
2320
3263
2952
2903
4432
3209
2332
2953
3408
2642
3446
4611
681
3664
2460
4228
77
1809
775
1262
2786
1205
2391
13
4309
4551
3112
1459
965
1324
2640
1833
3018
928
1170
24
3992
2040
3778
3146
3724
2248
2877
1426
1223
296
2749
4899
3429
933
1021
3712
2507
1392
3923
760
2591
4590
2182
2388
3405
3554
2696
2411
4502
2626
3097
548
487
2765
4173
4570
812
3812
1320
1524
4951
2623
2358
1259
2271
3505
1416
2244
3524
1578
3584
2083
2251
1115
887
3392
1157
2384
3983
2685
2783
2180
1015
1002
4214
215
4621
1126
3602
609
2751
1128
4061
3764
372
1184
1718
1846
3130
943
4321
3703
488
530
368
1440
4703
1186
2074
696
4688
4443
2133
4475
4859
3450
2942
2087
3915
2060
289
856
930
4371
252
1766
1436
336
4886
840
3229
1686
1457
270
1368
4931
4131
876
2096
2990
2774
1268
4149
3201
2542
3952
3346
1424
3178
4905
1646
66
3185
3216
1805
582
2660
1596
4900
3573
3085
2845
3557
1071
910
1371
566
803
2454
1319
875
4634
1702
4737
845
1498
2499
1084
70
2678
612
2357
415
668
3370
1214
4027
3086
961
3198
2695
880
1108
3976
3823
1615
1878
1161
2440
3821
1992
4101
139
2680
642
2326
4942
3372
3520
1305
4411
2834
2794
3761
4519
1665
4463
2258
4350
913
3164
3614
3423
3848
2979
2671
4105
4017
3719
333
3008
776
1381
2381
1888
3332
826
4040
3672
4237
2568
4441
1446
4740
4954
1373
4478
3826
4953
3406
4651
1219
2995
90
2653
3815
1095
4981
4425
2350
1778
4028
3342
2582
922
1715
2247
4418
4727
3598
1668
3383
4612
1079
789
4851
4436
3030
1069
3876
572
267
986
2148
4
2838
4787
441
2955
2222
3603
3340
191
4384
2278
3145
4857
2494
4939
219
4676
3199
2570
1886
2576
1984
2204
4550
544
2789
3640
2993
4697
794
3143
4302
2050
318
4529
4079
3020
3987
4083
2319
2305
4298
1060
652
937
3390
637
4950
3172
218
1988
733
3809
2954
1296
2171
3555
4946
3746
4458
4300
4824
424
260
3412
4912
3576
2356
907
2254
2827
2428
2047
4076
2692
3391
4769
2351
2673
3890
2866
1951
2598
3679
888
1717
4007
692
579
2533
4581
1581
2335
3485
10
4451
2173
3688
425
3568
3946
4381
1953
4982
1274
3754
523
2850
600
2178
1275
1730
1013
2464
4171
359
1716
1823
2110
2207
419
226
549
4779
4970
4916
3318
446
2314
2808
2567
3825
3451
4952
543
4311
4132
4196
1369
3039
2438
1971
3286
4032
2668
4826
87
4625
528
4866
3717
3294
3258
1113
4889
3106
2355
136
4495
3892
2741
4235
4908
3674
3835
5001
3148
288
3135
607
1645
4979
1839
2735
3610
1308
3577
285
2999
2898
587
1035
4930
308
3670
1537
2495
1817
4546
269
3159
4270
3125
2481
2406
2554
1434
3023
1187
3902
4917
4523
1925
3255
1003
440
2128
170
3280
3566
3265
3810
1989
1323
4166
3846
691
1178
48
1089
370
4556
4567
3665
4199
2130
2308
2029
4933
1136
1539
1552
466
3822
4693
4498
2549
1920
2361
1781
2941
2015
371
4138
2052
2974
4993
2031
54
2614
1977
3456
245
4539
4262
354
980
1634
1081
1443
4157
1912
361
3546
3191
3054
1167
293
4522
2039
3768
1782
1265
277
3808
4355
356
820
4177
561
3860
936
477
2135
322
1309
3715
3357
2407
2768
4638
432
4172
212
4860
3599
315
51
3660
3478
31
2546
4378
452
251
1627
2565
661
723
2082
3105
806
362
2141
4921
3276
1176
2285
4586
1357
4106
4313
2889
1987
27
731
1087
2002
3479
5000
829
3975
990
3534
4583
4765
3985
716
2616
3114
3279
4834
341
1536
778
2099
4426
3811
1876
2333
2763
4287
1492
2717
3908
4160
1862
3991
1760
3235
2776
1175
2592
2803
4462
3063
766
3596
2638
157
3571
1039
107
2067
421
2643
4852
2517
1641
2169
1590
3011
615
1667
884
3338
4124
1861
1210
2500
2854
3626
4442
3009
3058
2595
222
4393
3963
3363
1458
3299
3967
2097
298
2284
3444
4675
1009
4784
1900
167
3753
1887
2328
2455
1451
2843
1967
257
1797
319
3321
4337
2008
4473
4424
205
2167
2064
2879
3196
3134
3373
2387
539
1810
1976
1962
2596
1838
321
744
645
570
2399
1403
3851
183
302
3411
137
316
2480
364
1173
2185
657
2960
4203
4511
402
275
259
4227
4479
1642
4945
525
952
724
1409
1725
2395
1070
1365
2556
3075
1940
1445
1452
3725
143
3246
1664
30
1841
3317
2246
3656
583
2724
1257
3096
2812
4844
237
1848
1018
4959
457
2753
1163
2531
4864
3103
4792
290
4593
1393
3898
599
3205
738
3108
1062
2603
3604
3692
1277
1005
3497
2773
326
4109
360
3322
3751
89
2439
2311
3569
4481
2023
710
771
428
3806
4664
2907
3676
2402
1932
1114
1164
650
3512
236
1949
4631
311
2389
475
3273
2463
2468
4898
2224
2101
1747
3917
378
676
1583
526
1728
4986
1147
655
675
4666
2523
1226
4230
1776
4735
4868
1569
631
1145
220
3519
39
3174
870
836
1909
1346
1211
1793
3098
3787
4004
64
2186
1546
3043
2118
2726
4782
3646
3295
905
4679
563
3769
2013
1502
4869
4055
53
4129
469
4810
1548
3430
4024
1318
2937
931
4552
3449
1858
1947
950
2218
2754
4974
3827
989
605
628
2914
2476
4002
1193
962
1112
2693
1849
1177
2489
47
3122
204
1978
2819
4434
3704
4840
636
2589
2745
644
2341
1092
223
1985
4574
4835
3765
4958
3600
4125
1875
973
1241
4452
2322
102
3056
3926
435
2810
3647
4318
4518
3151
211
1553
377
3997
4174
2788
515
4194
1302
2844
1890
3079
2997
1350
3261
953
2968
998
4144
258
1897
3316
4915
1567
4444
1842
1195
3727
1107
4487
2374
4259
552
3749
3437
3930
3563
4764
3285
4576
1288
1699
1313
3527
2151
4895
1198
4412
1829
4589
3389
4226
2672
4357
1471
3233
2813
3375
2177
2874
834
1104
3788
4048
711
3690
3213
2360
739
3895
3314
347
1928
4935
3109
3955
2072
1573
3496
1123
1531
4816
152
2492
410
1155
1098
1742
4486
3913
3499
1632
4524
1761
1054
3032
417
59
396
2928
2115
4543
575
69
4419
3529
406
2527
2245
41
2578
2632
995
4682
4356
3993
1708
1017
1466
3699
4841
867
1408
981
4620
2255
4303
1056
2138
2037
4401
3251
2240
4617
2348
4097
3493
2347
1894
4772
611
4649
4043
3399
37
195
2022
4209
3319
272
1387
4063
2518
4717
2156
1269
542
3166
825
4453
519
3384
1244
4182
4289
4216
4728
3615
4114
3421
622
40
1729
844
3558
877
3454
2513
375
1105
4395
2187
4680
4494
1803
1086
1865
3887
4770
3928
578
1414
3180
3853
3661
4387
813
4998
3361
1439
707
2701
3197
865
2855
1687
4739
138
1188
329
1575
3956
3381
2936
3245
564
4189
2820
3061
3567
3278
1118
4119
556
1547
2491
3325
2242
3076
3868
443
1608
2483
1651
4715
2707
2434
4923
2192
4608
1474
2871
3540
4813
1959
702
695
1339
2417
1784
398
2675
412
3695
176
3938
3453
2453
2256
2666
1470
3593
4278
433
3777
2856
151
2620
673
1859
2715
4800
4317
4080
4231
4597
4410
3168
727
1325
4640
2359
2917
700
156
1618
1444
1952
1370
208
4221
2609
2924
2504
1043
2393
1049
342
2571
3364
822
4750
2597
2112
1613
2397
921
3275
535
1224
3127
815
4749
4060
3163
3207
4423
1982
1923
4322
1521
1460
4911
683
2530
2036
895
3865
49
2757
1286
2976
4671
467
499
4627
3607
827
3891
4867
3689
1284
3036
1486
4241
497
821
3658
1726
4863
459
3962
2265
3041
1067
1260
588
3830
2621
2313
3759
1763
4654
2861
1441
1790
335
476
2150
2627
307
4610
4087
4179
3794
4033
1968
2641
4405
4137
2474
2841
3668
507
753
538
2562
72
1999
4236
1775
1139
3253
4117
2713
1372
3533
1144
1654
2329
405
1826
853
1143
553
2908
3147
4273
1904
2400
3581
383
2537
3047
4559
4599
4391
1006
203
1691
128
2661
788
4420
4439
232
2263
1827
3762
25
256
1490
74
646
1799
2939
703
643
4579
1412
4339
4191
2853
3964
3792
640
3522
3123
3532
369
1030
2091
2704
3775
983
3060
2294
819
2146
677
4263
1769
4661
4088
3227
4801
576
2778
4377
1027
1204
2105
3360
468
2512
3055
1385
2677
2281
2304
2915
624
1649
3708
4876
2470
2084
2053
4901
571
1880
3495
4126
32
4992
165
1891
426
3730
1905
4409
4575
3961
3531
586
955
3843
2935
1503
3087
3067
1609
4342
1298
1579
2184
1230
166
1780
3212
3050
144
1197
1685
1915
3837
3300
2656
1873
2196
1174
4255
2611
4059
559
2804
2215
4181
3697
1154
2214
1159
3226
2443
2989
1484
4000
1221
81
297
3230
3101
3312
3070
2309
2200
4909
2403
1737
1879
4653
3882
1657
814
3969
2676
1024
4745
3161
956
1232
816
842
4022
3304
4014
4250
4068
4485
4724
1746
1734
3849
4655
3795
100
2232
4162
4383
123
750
654
186
2823
1185
127
4786
189
2516
2981
1975
4600
3104
379
3858
155
390
2108
2081
3471
1025
742
792
4134
1847
423
3910
2212
117
2911
1386
4508
3669
4729
3192
584
4662
3007
1611
2213
3709
1276
4783
4415
4665
351
3538
1476
3700
1165
1756
2534
2098
3785
4367
589
3267
266
2111
1094
180
3154
759
55
807
2796
110
3978
4987
2349
4136
1379
3651
923
678
2925
3840
1234
1625
1714
471
3513
80
4146
972
785
4673
4902
1243
2729
4257
1152
2797
3797
4233
4616
4098
1591
3476
4398
919
2816
3949
1469
2447
4078
2250
758
1000
3883
1355
4031
777
2124
4141
4730
4167
4558
4975
4104
1468
4091
1795
4850
2106
1945
3120
2761
2404
2371
1448
1666
3816
3115
617
954
2157
3698
3111
686
1943
340
1047
3066
2175
67
83
330
1140
3204
4135
2045
968
4368
4099
301
92
2822
4757
1396
4180
2926
2795
2100
3089
4659
1906
2041
4547
2392
4301
3458
4936
2132
970
3062
2119
630
890
131
264
2024
1019
1796
2164
229
3248
3228
1563
4517
4507
1711
3616
1972
3053
495
2353
4385
1063
2913
3183
3936
3958
2821
4914
722
4791
3002
4594
3804
4165
4413
1603
255
1919
927
3250
3339
2711
1907
3006
979
3181
484
346
2316
4719
1240
2046
560
787
3802
3118
1647
2025
2174
2134
2471
4683
1954
1511
3597
2145
2978
3642
3488
2991
4563
1541
2032
3770
3221
1057
4754
91
1595
4686
4525
3864
3432
4110
4213
1315
896
2876
3655
2770
4861
3682
3799
4571
4042
263
1835
4406
4535
3003
431
4271
4903
197
4071
3636
2934
2300
3378
1237
2755
4351
4882
3328
2070
659
1955
2536
2016
3979
2552
4738
2014
3481
1684
3401
3814
2078
4323
4025
2241
4821
2276
4261
1520
101
2502
934
2336
3487
1864
490
3954
2826
4807
2709
2386
900
4823
4853
4299
4538
4242
2139
4919
1011
1053
393
2970
3867
2886
3595
1542
3511
4499
4186
4365
2802
1461
665
1526
1036
473
2003
3490
4733
527
4794
4122
112
3327
3550
1200
2619
2511
295
4113
3282
1488
4307
2971
3057
2684
3912
3852
3431
63
4333
2947
4404
2369
4874
1291
3394
1585
2194
891
1261
2430
4156
503
4374
4155
4832
2526
4158
4927
620
4962
969
4003
1789
2129
3287
3126
4756
3031
2862
344
501
2691
1042
3790
465
1151
464
2117
2775
108
4988
2059
1353
79
1903
4222
3960
4400
4870
4798
795
1135
2900
3296
1285
2092
3507
2899
36
3941
82
2058
656
3706
1924
2835
4285
3889
2066
4806
4362
1752
4963
3439
1432
3200
2759
4965
4564
2613
1695
4417
4842
4208
4636
2264
2042
3937
3088
3071
458
5
193
1119
276
2982
3608
194
1545
1029
3341
3167
1495
514
2208
1690
2988
4036
3241
1783
1149
1515
1722
3005
1929
2338
3277
1336
687
765
4780
3745
963
3740
2896
2144
3820
1698
2113
1740
1007
2538
4489
1881
4190
253
3477
614
3175
1529
3160
1831
3433
3737
3413
3508
4967
3539
3158
2462
1311
2509
708
3466
280
1487
4763
4721
4591
2079
4767
2875
2550
3723
2888
2127
3371
2694
2617
4073
2292
4219
1364
2520
1242
1939
3714
924
3309
4115
71
1172
2830
864
2176
1991
1564
2380
3396
510
3648
1689
3283
306
2334
3503
1082
1389
394
3575
3866
3435
1662
849
1860
4504
1706
2916
4948
2883
4528
1720
4407
1631
3833
145
494
2535
4969
3365
4881
2461
3663
2306
729
2089
1270
2114
3310
278
3796
2706
1650
641
1314
3320
4928
2634
1380
305
667
2317
462
4605
4217
4582
4234
4050
95
2234
2863
949
1099
2543
4496
2817
4277
2748
504
1678
698
3875
536
2574
2282
4163
4470
366
2488
2901
78
512
554
764
1040
1871
1948
3927
974
1911
846
327
1852
4587
4877
897
3760
3307
585
2836
3017
3084
2253
1101
1455
648
1263
3931
1543
483
1450
1980
420
808
671
577
2581
4338
153
3579
4922
3564
616
4893
1868
2325
4232
3393
4833
1753
3879
725
2346
2858
4681
4669
3977
3266
348
1051
2772
721
1022
3442
3187
647
2951
4053
345
1189
4618
1438
4726
1981
4641
2949
2444
2274
3022
1106
4941
3752
505
1477
506
4742
3924
2525
720
653
3362
3021
1960
179
1840
4892
4438
4123
2007
3397
1093
1889
38
1427
2905
2201
4248
4107
1327
3409
4064
4637
1966
2331
3813
1464
1622
4672
3044
1338
2966
1507
1820
2651
4505
199
4883
3629
154
2814
2781
3303
1442
3591
2560
4910
3037
4062
1570
418
762
3733
3951
4588
2259
4294
635
4282
3805
1731
2689
1510
389
460
3953
1061
1653
2296
3716
4973
2094
4815
4994
1587
2510
3627
2811
3521
623
1248
2602
2172
185
3905
1813
3117
4049
767
1472
1808
1601
2005
3594
2209
292
4051
391
610
948
3029
2918
3045
1707
3869
4215
1272
1321
2103
4891
2743
3854
1342
2547
4394
103
2927
1683
4544
3911
4609
838
627
216
2686
2878
4966
3880
4035
2580
3652
4154
547
188
569
1901
4734
4370
2339
4557
945
44
286
1639
1153
1428
434
3051
597
4345
4667
2940
4476
161
2210
3707
274
1630
3157
4743
783
2756
817
2337
2451
1072
4280
730
2170
3306
3386
734
852
3744
3834
843
4702
4796
409
1818
1856
1921
4428
2260
1330
2839
2243
1294
135
3186
3578
629
4595
1517
2048
4366
2628
3091
1964
2506
3701
1620
4752
4497
2665
141
1289
993
1316
2728
3758
3580
4030
3059
1435
3334
680
1927
3950
2727
3395
1171
1168
1663
3463
2762
2607
4642
780
1363
1254
3929
312
2302
2426
3387
1732
2020
3637
4540
1867
2868
1282
3354
3994
2102
1770
4708
1473
2948
2366
2149
2847
2229
782
1508
1934
4245
4884
1384
2880
4944
4831
1629
3473
2996
2809
2431
3237
4846
23
4435
1239
4872
2904
626
2522
3807
1628
1787
3090
2572
2867
1478
3756
863
2154
2593
3943
4281
386
1356
3684
4803
3140
1038
3297
2230
3119
4482
1218
520
1310
271
2553
3313
2779
2019
1417
1757
4748
4913
3919
791
672
914
3232
3691
313
84
2983
17
1064
3643
3028
2539
3859
3561
3331
3572
3893
2181
3001
184
3110
1638
4013
4467
1020
1895
4604
1506
4327
839
3559
3336
4619
3368
1693
2297
4644
4808
4390
1489
1421
2558
860
4056
1749
2272
175
751
2752
1059
3781
2027
268
2398
3728
1493
1236
2273
2280
2719
1744
1116
1910
982
2159
3257
833
581
3298
279
3574
4785
1249
1995
4346
282
480
1549
3789
1673
2895
2818
407
889
2721
1772
4532
4430
4690
1202
3095
964
3886
894
1692
3914
3565
1560
3793
3492
4623
1420
1922
3214
1388
3612
4797
1918
4660
3920
3509
770
2095
3845
3042
445
3622
558
4389
4685
1516
1306
728
4264
4811
1600
904
1074
2189
2291
1513
3871
231
2590
489
2682
2699
531
3944
873
2646
4468
3182
2551
2153
3353
3211
3113
3171
3093
2569
2577
2318
121
4569
580
3344
3068
3641
773
3092
2432
1406
1946
2088
146
1340
4751
2848
3177
4696
4253
4560
747
4545
1181
4887
4845
414
898
2086
1834
3302
4925
1758
2777
2986
926
2806
4065
1973
781
4493
988
3903
1643
3347
4084
2193
666
2035
4376
456
713
159
2505
3470
3326
3165
491
3425
4938
1046
2519
4052
1535
181
3873
2472
4639
4513
4971
3169
448
1584
2413
966
3081
1525
1788
4687
3026
2872
210
2340
2368
4677
2155
3874
1348
977
2373
521
939
4145
1209
99
4707
2286
403
1358
772
4210
737
4566
1194
1347
879
4788
2864
1133
4151
2943
1354
2375
2887
1245
679
4275
1709
596
810
2923
4408
1670
2228
2649
2938
2383
706
4133
2038
2798
2885
4286
178
2344
1360
2459
996
4249
8
1779
932
602
133
4316
104
1762
2644
976
4331
1572
4492
4183
2669
4781
2829
768
2736
4326
68
1375
2211
3850
3179
4319
3885
1933
2445
918
2441
793
2791
3189
1485
3681
374
1222
3613
4201
4305
4397
233
1293
1295
4057
717
592
660
2658
2120
991
4130
1896
3139
3203
848
2217
3544
1621
958
1624
4725
1556
4265
2837
3863